6.229999999999999716e+01,2.182613532907286569e+01,9.100000000000000000e+01,2.124807171993332133e+01,1.976933479309082031e+01,1.850798726081848145e+01
6.260000000000000142e+01,2.124697764452675131e+01,9.070000000000000284e+01,2.047306977977586939e+01,1.957095146179199219e+01,1.905300855636596680e+01
6.260000000000000142e+01,2.065715375758534478e+01,9.020000000000000284e+01,2.030510858992609613e+01,1.791301727294921875e+01,1.986560583114624023e+01
6.370000000000000284e+01,2.125170341824285103e+01,9.050000000000000000e+01,1.957443868006022569e+01,1.885654449462890625e+01,2.037963390350341797e+01
6.329999999999999716e+01,2.288195317380287719e+01,9.140000000000000568e+01,2.126408671524927385e+01,1.752076148986816406e+01,2.116930246353149414e+01
6.329999999999999716e+01,2.396584813634935074e+01,9.209999999999999432e+01,2.161359509653122402e+01,1.817646980285644531e+01,2.150211572647094727e+01
6.490000000000000568e+01,2.301519453722459474e+01,9.140000000000000568e+01,2.037709463734933735e+01,1.766912460327148438e+01,2.193282604217529297e+01
6.540000000000000568e+01,2.267045314389879707e+01,9.140000000000000568e+01,1.975204834378592267e+01,1.933670997619628906e+01,2.165419816970825195e+01
6.540000000000000568e+01,2.219212276389587046e+01,9.070000000000000284e+01,1.963219328796490615e+01,1.894606590270996094e+01,2.118066072463989258e+01
6.490000000000000568e+01,2.220646620917073477e+01,9.020000000000000284e+01,2.017851847323903769e+01,1.656872749328613281e+01,2.206537961959838867e+01
6.540000000000000568e+01,2.103847783197246102e+01,8.970000000000000284e+01,1.891656080689427455e+01,1.450240135192871094e+01,2.269913673400878906e+01
7.000000000000000000e+01,1.820144554123184832e+01,8.820000000000000284e+01,1.583212223214436776e+01,1.325805664062500000e+01,2.237722873687744141e+01
7.000000000000000000e+01,1.696116922665677507e+01,8.709999999999999432e+01,1.496993907655933853e+01,1.112254142761230469e+01,2.261979341506958008e+01
6.820000000000000284e+01,2.040071237148422867e+01,8.890000000000000568e+01,1.810663176255399520e+01,1.348757743835449219e+01,2.165463685989379883e+01
6.859999999999999432e+01,2.029995690830542188e+01,8.920000000000000284e+01,1.772993676584536971e+01,1.147537231445312500e+01,2.125364065170288086e+01
7.000000000000000000e+01,1.908261822306335986e+01,8.859999999999999432e+01,1.657884420983212692e+01,9.019527435302734375e+00,2.134009599685668945e+01
7.000000000000000000e+01,1.661813516324987106e+01,8.740000000000000568e+01,1.439679053394810460e+01,1.020495414733886719e+01,2.171281576156616211e+01
7.000000000000000000e+01,1.520149476814984801e+01,8.709999999999999432e+01,1.285906700549177550e+01,1.253459930419921875e+01,2.209575414657592773e+01
7.000000000000000000e+01,1.546853535743031927e+01,8.679999999999999716e+01,1.356562624383592208e+01,1.014042854309082031e+01,2.187548875808715820e+01
7.000000000000000000e+01,1.429279072258631444e+01,8.679999999999999716e+01,1.196215180262320743e+01,1.212143898010253906e+01,2.239846944808959961e+01
7.000000000000000000e+01,1.582001441509251549e+01,8.820000000000000284e+01,1.263083277962170747e+01,1.180979728698730469e+01,2.302414417266845703e+01
7.000000000000000000e+01,1.698880024839851188e+01,8.890000000000000568e+01,1.313105292710719851e+01,1.180808067321777344e+01,2.286718845367431641e+01
7.000000000000000000e+01,1.443040270532121738e+01,8.709999999999999432e+01,1.186864185969711727e+01,1.165240287780761719e+01,2.281729936599731445e+01
7.000000000000000000e+01,1.669278028695807947e+01,8.820000000000000284e+01,1.359524287568733492e+01,1.170191764831542969e+01,2.231720447540283203e+01
7.000000000000000000e+01,1.525865054539574928e+01,8.690000000000000568e+01,1.290733424125960838e+01,1.076875686645507812e+01,2.197217226028442383e+01
7.000000000000000000e+01,1.442569897306395355e+01,8.650000000000000000e+01,1.224723500038366986e+01,1.240324020385742188e+01,2.211704969406127930e+01
7.000000000000000000e+01,1.693735561640010445e+01,8.800000000000000000e+01,1.412314042992045415e+01,1.265290260314941406e+01,2.257145643234252930e+01
7.000000000000000000e+01,1.609209777382939777e+01,8.770000000000000284e+01,1.279093122818521167e+01,1.334938049316406250e+01,2.253978013992309570e+01
7.000000000000000000e+01,1.603517364382839361e+01,8.820000000000000284e+01,1.216034373278950653e+01,1.525214195251464844e+01,2.158712863922119141e+01
7.000000000000000000e+01,1.617835421528182138e+01,8.829999999999999716e+01,1.158643608159387206e+01,1.554486274719238281e+01,2.147122621536254883e+01
7.000000000000000000e+01,1.394193538840875135e+01,8.759999999999999432e+01,9.133989232937926417e+00,1.489091873168945312e+01,2.113815307617187500e+01
7.000000000000000000e+01,1.335919954142072186e+01,8.759999999999999432e+01,8.724653983270551194e+00,1.568173408508300781e+01,2.150021553039550781e+01
7.000000000000000000e+01,1.490733947455848529e+01,8.820000000000000284e+01,1.039976309090027762e+01,1.684881210327148438e+01,2.109591484069824219e+01
7.000000000000000000e+01,1.540722629581409109e+01,8.850000000000000000e+01,1.106215194635823629e+01,1.841344833374023438e+01,2.039200782775878906e+01
7.000000000000000000e+01,1.345558450839972942e+01,8.759999999999999432e+01,8.854087827582148407e+00,1.977370262145996094e+01,2.028659343719482422e+01
7.000000000000000000e+01,1.578323489571244309e+01,8.829999999999999716e+01,1.096575427309895368e+01,2.046857833862304688e+01,1.965825080871582031e+01
7.000000000000000000e+01,1.502669632391586774e+01,8.809999999999999432e+01,1.013940350277881386e+01,2.030876159667968750e+01,1.898281097412109375e+01
7.000000000000000000e+01,1.265392798554389131e+01,8.679999999999999716e+01,8.388544524145254755e+00,2.002673149108886719e+01,1.853354096412658691e+01
4.139999999999999858e+01,2.221383211249307266e+01,1.799000000000000057e+02,1.254577782287898202e+01,2.976865768432617188e+00,8.010644912719726562e+00
4.139999999999999858e+01,2.327656338533903124e+01,1.799000000000000057e+02,1.219568492414272143e+01,5.392665863037109375e+00,8.396649360656738281e+00
4.120000000000000284e+01,2.196535034368116612e+01,1.799000000000000057e+02,1.217123557799286537e+01,5.494604110717773438e+00,8.563036918640136719e+00
4.139999999999999858e+01,2.265787252589140621e+01,1.799000000000000057e+02,1.183629769371352225e+01,4.811420440673828125e+00,8.245115280151367188e+00
4.139999999999999858e+01,2.290274718981915925e+01,1.799000000000000057e+02,1.262383265776190377e+01,4.775943756103515625e+00,8.556168079376220703e+00
4.139999999999999858e+01,2.228782501301149921e+01,1.799000000000000057e+02,1.219905702794213020e+01,4.174966812133789062e+00,7.930264472961425781e+00
4.150000000000000000e+01,2.209850288682574870e+01,1.799000000000000057e+02,1.284891864242396586e+01,2.391223907470703125e+00,7.701861858367919922e+00
4.139999999999999858e+01,2.068830051029997463e+01,1.799000000000000057e+02,1.195534832080166687e+01,3.728637695312500000e+00,7.812478542327880859e+00
4.120000000000000284e+01,2.161597190764637588e+01,1.799000000000000057e+02,1.080227332164498399e+01,5.228214263916015625e+00,6.989727020263671875e+00
4.139999999999999858e+01,2.237233101054190598e+01,1.799000000000000057e+02,1.204505823854346680e+01,7.049474716186523438e+00,6.358945369720458984e+00
4.139999999999999858e+01,2.236831522456807875e+01,1.799000000000000057e+02,1.231129036778632546e+01,8.475551605224609375e+00,6.861858367919921875e+00
4.139999999999999858e+01,2.304323995638804234e+01,1.799000000000000057e+02,1.308856079594813870e+01,7.143621444702148438e+00,7.646617889404296875e+00
4.139999999999999858e+01,2.233266567466302277e+01,1.799000000000000057e+02,1.217433424724498714e+01,9.307146072387695312e+00,8.218374252319335938e+00
4.139999999999999858e+01,2.325782143285313097e+01,1.799000000000000057e+02,1.187639278295870859e+01,1.066069602966308594e+01,7.535023689270019531e+00
4.120000000000000284e+01,2.435696444090741153e+01,1.799000000000000057e+02,1.065268615265806851e+01,1.229329109191894531e+01,7.827887535095214844e+00
4.160000000000000142e+01,2.193442776320342347e+01,1.799000000000000057e+02,1.260396678271753679e+01,1.233105659484863281e+01,8.633785247802734375e+00
4.170000000000000284e+01,2.034506983896921994e+01,1.799000000000000057e+02,1.389571167183255085e+01,1.370085716247558594e+01,9.066276550292968750e+00
4.139999999999999858e+01,2.089667513179515623e+01,1.799000000000000057e+02,1.196621049867997932e+01,1.565152168273925781e+01,9.135718345642089844e+00
4.160000000000000142e+01,2.284696971653352904e+01,1.799000000000000057e+02,1.253492871850638402e+01,1.647740364074707031e+01,8.871421813964843750e+00
4.160000000000000142e+01,2.285807573765860923e+01,1.799000000000000057e+02,1.275437892128750761e+01,1.819488525390625000e+01,8.772814273834228516e+00
4.150000000000000000e+01,2.385009885778437777e+01,1.799000000000000057e+02,1.157909927894673174e+01,1.565610885620117188e+01,9.308073520660400391e+00
4.200000000000000000e+01,2.615242617205559483e+01,1.799000000000000057e+02,1.226298072999261990e+01,1.844828605651855469e+01,9.434914588928222656e+00
4.220000000000000284e+01,2.995327576589374985e+01,1.799000000000000057e+02,1.070143418032748706e+01,1.937592506408691406e+01,9.984767436981201172e+00
4.260000000000000142e+01,3.384740299986249568e+01,1.799000000000000057e+02,9.171941963326826652e+00,2.181755065917968750e+01,9.780490398406982422e+00
4.260000000000000142e+01,3.287676008400991634e+01,1.799000000000000057e+02,9.639363231150152700e+00,2.169085502624511719e+01,9.999120235443115234e+00
4.220000000000000284e+01,3.286999929430155021e+01,1.799000000000000057e+02,9.081960864514076803e+00,2.247824668884277344e+01,9.457268714904785156e+00
4.229999999999999716e+01,3.493460755864367684e+01,1.799000000000000057e+02,7.221256906672355314e+00,2.466771125793457031e+01,9.315452575683593750e+00
4.260000000000000142e+01,3.490305277842145415e+01,1.799000000000000057e+02,8.693676377117197873e+00,2.675973892211914062e+01,8.708488941192626953e+00
4.229999999999999716e+01,3.259678669876914370e+01,1.799000000000000057e+02,9.759395001462324970e+00,2.640051841735839844e+01,9.600110054016113281e+00
4.229999999999999716e+01,3.408655697283960251e+01,1.799000000000000057e+02,8.766670464712923660e+00,2.808406829833984375e+01,9.718232154846191406e+00
4.220000000000000284e+01,3.064611320340173251e+01,1.799000000000000057e+02,1.058139833425712339e+01,2.939807891845703125e+01,1.010509490966796875e+01
4.260000000000000142e+01,3.239266038834009009e+01,1.799000000000000057e+02,1.096667302856678461e+01,2.792796134948730469e+01,1.022833108901977539e+01
4.229999999999999716e+01,3.324870227868571959e+01,1.799000000000000057e+02,1.006417297279994116e+01,2.778252601623535156e+01,1.064320325851440430e+01
4.229999999999999716e+01,3.361181270282502709e+01,1.799000000000000057e+02,1.024493554172239307e+01,2.897013664245605469e+01,1.106772899627685547e+01
4.250000000000000000e+01,3.624788812265192206e+01,1.799000000000000057e+02,8.406720639577635268e+00,2.901946067810058594e+01,1.083812713623046875e+01
5.560000000000000142e+01,3.902842848382947238e+01,1.799000000000000057e+02,6.636123328763485318e+00,3.113207817077636719e+01,1.015042304992675781e+01
5.560000000000000142e+01,4.103762126299848489e+01,1.799000000000000057e+02,5.847520441260303237e+00,3.278499603271484375e+01,1.058488607406616211e+01
5.589999999999999858e+01,4.028779964351070220e+01,1.799000000000000057e+02,7.218378529359047668e+00,3.167626380920410156e+01,1.043368816375732422e+01
5.570000000000000284e+01,3.929679168195092842e+01,1.799000000000000057e+02,7.876423949204466979e+00,3.110552787780761719e+01,1.053818702697753906e+01
5.570000000000000284e+01,4.194104156954175977e+01,1.799000000000000057e+02,6.288636499365487964e+00,3.075382232666015625e+01,1.125093460083007812e+01
5.560000000000000142e+01,4.177453754795068619e+01,1.799000000000000057e+02,6.641826755442595598e+00,3.253447532653808594e+01,1.122940063476562500e+01
5.550000000000000000e+01,4.089226881763246979e+01,1.799000000000000057e+02,7.110045394180755984e+00,3.121277809143066406e+01,1.201031684875488281e+01
5.529999999999999716e+01,4.177540315838002272e+01,1.799000000000000057e+02,5.685026977545387439e+00,3.200191497802734375e+01,1.229605674743652344e+01
5.560000000000000142e+01,4.066438167782841617e+01,1.799000000000000057e+02,7.143759386386943966e+00,3.348408699035644531e+01,1.137053012847900391e+01
4.300000000000000000e+01,3.896229884069250460e+01,1.799000000000000057e+02,8.700262609225504207e+00,3.190126419067382812e+01,1.120856285095214844e+01
5.579999999999999716e+01,3.867421280969147546e+01,1.799000000000000057e+02,9.630966071628778380e+00,2.955693244934082031e+01,1.139175415039062500e+01
5.620000000000000284e+01,4.100213338422631182e+01,1.799000000000000057e+02,8.890011840493537321e+00,2.763688087463378906e+01,1.183216094970703125e+01
5.579999999999999716e+01,4.100953092933315247e+01,1.799000000000000057e+02,7.693374314900884414e+00,2.810837745666503906e+01,1.201205968856811523e+01
5.560000000000000142e+01,4.246314714215967001e+01,1.799000000000000057e+02,6.887573642871467783e+00,2.908103942871093750e+01,1.184453487396240234e+01
5.529999999999999716e+01,4.353495452309797287e+01,1.799000000000000057e+02,5.172957530169973950e+00,2.948895454406738281e+01,1.190241098403930664e+01
5.539999999999999858e+01,4.536619847503483527e+01,1.799000000000000057e+02,3.606723087388119087e+00,2.787274360656738281e+01,1.278178215026855469e+01
4.260000000000000142e+01,2.555555794028450833e+01,1.799000000000000057e+02,2.247377832939010389e+01,3.181524276733398438e+00,1.170346260070800781e+01
4.279999999999999716e+01,2.615958953587465174e+01,1.799000000000000057e+02,2.292576446828276104e+01,3.974561691284179688e+00,1.115882635116577148e+01
4.260000000000000142e+01,2.543869527166960864e+01,1.799000000000000057e+02,2.251612607996591109e+01,3.839397430419921875e+00,1.199085712432861328e+01
4.279999999999999716e+01,2.463297521685025515e+01,1.799000000000000057e+02,2.340743500998322091e+01,2.847404479980468750e+00,1.196269989013671875e+01
4.260000000000000142e+01,2.454827937033763163e+01,1.799000000000000057e+02,2.254686236497854424e+01,2.824258804321289062e+00,1.135658740997314453e+01
4.260000000000000142e+01,2.699312831797087142e+01,1.799000000000000057e+02,2.145073353564277596e+01,1.073875427246093750e+00,1.200166702270507812e+01
4.279999999999999716e+01,2.590803488537416399e+01,1.799000000000000057e+02,2.338029457519157006e+01,2.283658981323242188e+00,1.213309288024902344e+01
4.279999999999999716e+01,2.795150352387390313e+01,1.799000000000000057e+02,2.209507113923589472e+01,1.908025741577148438e+00,1.270695686340332031e+01
4.300000000000000000e+01,2.820045535953567750e+01,1.799000000000000057e+02,2.315970273540857249e+01,2.037382125854492188e+00,1.219308376312255859e+01
4.279999999999999716e+01,2.908030793647708023e+01,1.799000000000000057e+02,2.198834252094562203e+01,3.089027404785156250e+00,1.248494148254394531e+01
4.250000000000000000e+01,2.808315395325678310e+01,1.799000000000000057e+02,2.072476458971705426e+01,2.325592041015625000e+00,1.035338163375854492e+01
4.260000000000000142e+01,2.810500773225273008e+01,1.799000000000000057e+02,1.958695284585264673e+01,3.179788589477539062e+00,1.020838975906372070e+01
4.229999999999999716e+01,2.641810101528755439e+01,1.799000000000000057e+02,1.996017233154447368e+01,3.448143005371093750e+00,9.820814132690429688e+00
4.229999999999999716e+01,2.652195509241306581e+01,1.799000000000000057e+02,1.902045954025649266e+01,5.920572280883789062e+00,9.165482521057128906e+00
4.220000000000000284e+01,2.883195292651107167e+01,1.799000000000000057e+02,1.746878593504885657e+01,5.645847320556640625e+00,9.736104011535644531e+00
4.210000000000000142e+01,2.766282057711494247e+01,1.799000000000000057e+02,1.795637119138940108e+01,3.904552459716796875e+00,9.412441253662109375e+00
4.200000000000000000e+01,2.922918968754511937e+01,1.799000000000000057e+02,1.663500886504869669e+01,5.797567367553710938e+00,8.552489280700683594e+00
4.200000000000000000e+01,2.963107067757990265e+01,1.799000000000000057e+02,1.634191124899131609e+01,7.098464965820312500e+00,8.764419555664062500e+00
4.200000000000000000e+01,2.695480185738799150e+01,1.799000000000000057e+02,1.815727551107707072e+01,5.858592987060546875e+00,8.623440265655517578e+00
4.200000000000000000e+01,2.832039495326324641e+01,1.799000000000000057e+02,1.664299892524445212e+01,7.939615249633789062e+00,8.017935752868652344e+00
4.200000000000000000e+01,2.595379246673468288e+01,1.799000000000000057e+02,1.834107481643799176e+01,7.694110870361328125e+00,7.525708675384521484e+00
4.189999999999999858e+01,2.609782355470679249e+01,1.799000000000000057e+02,1.775370646562034693e+01,7.070207595825195312e+00,7.456438541412353516e+00
4.200000000000000000e+01,2.569381755542396206e+01,1.799000000000000057e+02,1.852254959450075944e+01,6.251306533813476562e+00,7.234585285186767578e+00
4.189999999999999858e+01,2.518618554511216701e+01,1.799000000000000057e+02,1.734469163821143312e+01,6.343803405761718750e+00,7.772927284240722656e+00
4.150000000000000000e+01,2.442309467519920219e+01,1.799000000000000057e+02,1.561267969047337267e+01,7.911281585693359375e+00,7.683086395263671875e+00
4.150000000000000000e+01,2.192437024364973652e+01,1.799000000000000057e+02,1.770804064923672527e+01,7.248373031616210938e+00,8.031420707702636719e+00
4.150000000000000000e+01,2.128559232499196341e+01,1.799000000000000057e+02,1.754493686282791032e+01,9.010753631591796875e+00,8.495113849639892578e+00
4.139999999999999858e+01,2.343573176985600526e+01,1.799000000000000057e+02,1.573690447290272409e+01,7.532987594604492188e+00,9.204726219177246094e+00
4.150000000000000000e+01,2.247809921032041913e+01,1.799000000000000057e+02,1.680404934127363603e+01,5.337524414062500000e+00,1.001150369644165039e+01
4.150000000000000000e+01,2.097663488683551591e+01,1.799000000000000057e+02,1.781161203685384109e+01,2.947645187377929688e+00,1.091042041778564453e+01
4.189999999999999858e+01,2.133318441493498696e+01,1.799000000000000057e+02,1.881380494987531193e+01,1.335783004760742188e+00,1.140269756317138672e+01
4.160000000000000142e+01,1.963427656961865253e+01,1.799000000000000057e+02,1.867014270910748763e+01,2.439346313476562500e+00,1.063814401626586914e+01
4.179999999999999716e+01,1.898124583529892462e+01,1.799000000000000057e+02,1.934556440162888080e+01,1.487770080566406250e+00,1.083834648132324219e+01
4.179999999999999716e+01,1.505316521221644877e+01,1.799000000000000057e+02,2.029671523811117595e+01,3.155775070190429688e+00,1.013122558593750000e+01
4.170000000000000284e+01,1.449285206447059693e+01,1.799000000000000057e+02,1.931268910133188044e+01,3.150005340576171875e+00,9.716558456420898438e+00
4.200000000000000000e+01,1.477296860307398774e+01,1.799000000000000057e+02,2.079458555790575147e+01,3.601198196411132812e+00,9.068450927734375000e+00
4.200000000000000000e+01,1.438566997906857736e+01,1.799000000000000057e+02,2.141902498087165441e+01,5.214700698852539062e+00,8.980472087860107422e+00
4.220000000000000284e+01,1.261201731888895772e+01,7.500000000000000000e+01,2.276482538202239780e+01,4.910516738891601562e+00,8.459486961364746094e+00
4.220000000000000284e+01,1.198979355361622368e+01,1.799000000000000057e+02,2.259067338554691418e+01,3.992614746093750000e+00,8.966016769409179688e+00
4.229999999999999716e+01,8.960105104494084927e+00,7.500000000000000000e+01,1.904103350687887541e+01,1.559467315673828125e+00,9.557013511657714844e+00
4.229999999999999716e+01,9.312725549142722770e+00,7.500000000000000000e+01,1.971097152893616311e+01,3.149013519287109375e+00,9.075698852539062500e+00
4.220000000000000284e+01,1.009371073585274559e+01,7.500000000000000000e+01,2.122891950047348786e+01,6.900596618652343750e-01,9.130501747131347656e+00
4.220000000000000284e+01,1.081400335308642013e+01,7.500000000000000000e+01,2.229040054958640127e+01,1.559123992919921875e+00,9.705331325531005859e+00
4.220000000000000284e+01,9.457988224930316434e+00,7.500000000000000000e+01,2.061843745476369705e+01,3.539447784423828125e+00,9.952261447906494141e+00
4.220000000000000284e+01,1.090560457542706096e+01,7.500000000000000000e+01,2.266222766088967688e+01,5.400562286376953125e+00,1.007821321487426758e+01
4.220000000000000284e+01,1.281436683008490007e+01,1.799000000000000057e+02,2.316822327412791793e+01,4.881305694580078125e+00,1.019531011581420898e+01
4.220000000000000284e+01,1.174680244389230843e+01,1.799000000000000057e+02,2.171954058219061423e+01,4.119005203247070312e+00,1.062230825424194336e+01
4.200000000000000000e+01,1.326584097880763480e+01,1.799000000000000057e+02,2.030144975245545425e+01,6.579637527465820312e+00,1.048099279403686523e+01
4.220000000000000284e+01,1.263423800717386669e+01,1.799000000000000057e+02,2.185275822846507765e+01,6.154060363769531250e+00,1.037806987762451172e+01
4.220000000000000284e+01,1.238590127548651054e+01,1.799000000000000057e+02,2.292797904855026303e+01,8.778944015502929688e+00,1.011864900588989258e+01
4.220000000000000284e+01,1.452307697386608609e+01,1.799000000000000057e+02,2.175556474568942988e+01,9.327859878540039062e+00,1.065396308898925781e+01
4.200000000000000000e+01,1.496872856334444180e+01,1.799000000000000057e+02,2.079443069927215149e+01,9.386205673217773438e+00,1.011156558990478516e+01
4.200000000000000000e+01,1.925807781928034146e+01,1.799000000000000057e+02,1.964576736745011232e+01,8.956136703491210938e+00,1.019535541534423828e+01
4.220000000000000284e+01,1.742637582739006419e+01,1.799000000000000057e+02,2.120289283550942017e+01,1.153344154357910156e+01,9.185979366302490234e+00
4.229999999999999716e+01,1.787955988824893794e+01,1.799000000000000057e+02,2.207403177095190472e+01,9.641008377075195312e+00,9.650344848632812500e+00
4.220000000000000284e+01,1.973495927235154568e+01,1.799000000000000057e+02,2.062000969350177115e+01,7.872219085693359375e+00,9.174156188964843750e+00
4.220000000000000284e+01,1.717139456300768430e+01,1.799000000000000057e+02,2.119847520720951906e+01,6.219005584716796875e+00,9.016041755676269531e+00
4.220000000000000284e+01,1.654164561199193528e+01,1.199000000000000057e+02,2.081503056292466169e+01,7.905330657958984375e+00,8.659472465515136719e+00
4.220000000000000284e+01,1.525653640729489346e+01,1.799000000000000057e+02,2.016047033354597318e+01,7.297163009643554688e+00,8.146283626556396484e+00
4.200000000000000000e+01,1.242636299987889359e+01,1.799000000000000057e+02,1.995369444352161636e+01,9.359140396118164062e+00,7.320263385772705078e+00
4.200000000000000000e+01,1.294553015412894581e+01,1.799000000000000057e+02,1.919756279612376915e+01,9.647264480590820312e+00,7.719588279724121094e+00
5.700000000000000000e+01,3.645974167609183070e+01,1.799000000000000057e+02,2.329448868106161541e+01,2.858296394348144531e+01,7.280654907226562500e+00
5.660000000000000142e+01,3.701366036197310905e+01,1.799000000000000057e+02,2.190757678886415505e+01,2.922245979309082031e+01,6.723942756652832031e+00
5.639999999999999858e+01,3.648013042636087988e+01,1.799000000000000057e+02,2.126959505602989609e+01,3.110071182250976562e+01,6.184720993041992188e+00
5.639999999999999858e+01,3.484626445789398019e+01,1.799000000000000057e+02,2.206687199636958496e+01,3.035620689392089844e+01,7.109215259552001953e+00
5.679999999999999716e+01,3.419158870899143210e+01,1.799000000000000057e+02,2.283257320830656667e+01,3.269335746765136719e+01,6.306416988372802734e+00
5.710000000000000142e+01,3.431052161909392595e+01,1.799000000000000057e+02,2.384618947358055152e+01,3.511870384216308594e+01,5.930452346801757812e+00
5.689999999999999858e+01,3.600414726952567435e+01,1.799000000000000057e+02,2.343677331952207155e+01,3.442090988159179688e+01,5.793204307556152344e+00
5.670000000000000284e+01,3.740297379423458324e+01,1.799000000000000057e+02,2.203029461083254503e+01,3.649592399597167969e+01,6.162862777709960938e+00
5.650000000000000000e+01,4.009561200968156669e+01,1.799000000000000057e+02,2.011786929994482520e+01,3.894885063171386719e+01,5.529100894927978516e+00
5.629999999999999716e+01,3.899667439773475053e+01,1.799000000000000057e+02,1.960376278358944191e+01,3.659008979797363281e+01,5.330982208251953125e+00
5.620000000000000284e+01,3.870484458367359082e+01,1.799000000000000057e+02,2.034630378163111786e+01,3.800437927246093750e+01,4.894196987152099609e+00
5.589999999999999858e+01,4.051912986817750806e+01,1.799000000000000057e+02,1.891512147232347019e+01,3.937530517578125000e+01,4.447107315063476562e+00
5.589999999999999858e+01,3.917367648639579158e+01,1.799000000000000057e+02,1.964244717910515448e+01,3.958016395568847656e+01,4.592213630676269531e+00
5.589999999999999858e+01,3.839428172360464231e+01,1.799000000000000057e+02,1.961860346369869390e+01,4.029215812683105469e+01,4.487934112548828125e+00
5.600000000000000000e+01,3.806762857004033407e+01,1.799000000000000057e+02,2.047757129861270187e+01,3.899670600891113281e+01,4.329531192779541016e+00
5.600000000000000000e+01,3.937286530797548778e+01,1.799000000000000057e+02,2.020828025461619148e+01,3.866965293884277344e+01,4.013476371765136719e+00
5.600000000000000000e+01,3.805482532682575680e+01,1.799000000000000057e+02,2.137925306820709892e+01,4.054715156555175781e+01,4.369544982910156250e+00
5.610000000000000142e+01,3.651905597044609664e+01,1.799000000000000057e+02,2.250826255150794708e+01,4.260048866271972656e+01,3.314776420593261719e+00
5.570000000000000284e+01,3.504040884006901990e+01,1.799000000000000057e+02,2.270314621405979594e+01,4.329890251159667969e+01,3.470139503479003906e+00
5.529999999999999716e+01,3.561494011780667535e+01,1.799000000000000057e+02,2.100079100622374995e+01,4.338266372680664062e+01,4.107160568237304688e+00
5.500000000000000000e+01,3.627504796198393677e+01,1.799000000000000057e+02,2.059272537348682164e+01,4.564455986022949219e+01,4.376838207244873047e+00
4.360000000000000142e+01,3.625529741920918525e+01,1.799000000000000057e+02,2.060227665655588325e+01,4.406361579895019531e+01,4.839193820953369141e+00
5.500000000000000000e+01,3.851238123637134692e+01,1.799000000000000057e+02,1.931253667614529235e+01,4.329561233520507812e+01,4.230580329895019531e+00
4.339999999999999858e+01,3.651545722591493615e+01,1.799000000000000057e+02,1.979409188525291441e+01,4.284385681152343750e+01,4.296891689300537109e+00
4.320000000000000284e+01,3.464704286008639400e+01,1.799000000000000057e+02,2.060591991015524371e+01,4.480044364929199219e+01,4.193389415740966797e+00
4.320000000000000284e+01,3.212363322749362737e+01,1.799000000000000057e+02,2.283995685370967976e+01,4.325634956359863281e+01,5.238530635833740234e+00
4.339999999999999858e+01,3.287773506844995097e+01,1.799000000000000057e+02,2.246975955767638311e+01,4.175703048706054688e+01,5.837347507476806641e+00
5.500000000000000000e+01,3.399646449197417297e+01,1.799000000000000057e+02,2.281100751388862591e+01,4.261576652526855469e+01,5.273571014404296875e+00
5.560000000000000142e+01,3.425691072043302654e+01,1.799000000000000057e+02,2.399335990502455829e+01,4.488112449645996094e+01,4.438915252685546875e+00
5.589999999999999858e+01,3.476360421698885972e+01,1.799000000000000057e+02,2.382682667213434513e+01,4.239183425903320312e+01,5.097956657409667969e+00
5.610000000000000142e+01,3.520110832212209573e+01,1.799000000000000057e+02,2.366996422455754612e+01,4.287770271301269531e+01,4.702701568603515625e+00
5.670000000000000284e+01,3.418619464719404277e+01,1.799000000000000057e+02,2.505255950767084983e+01,4.143767356872558594e+01,4.248342514038085938e+00
5.650000000000000000e+01,3.431536257831169223e+01,1.799000000000000057e+02,2.498842512320599951e+01,4.270138740539550781e+01,4.260938167572021484e+00
5.639999999999999858e+01,3.473344164840268888e+01,1.799000000000000057e+02,2.491430788404069574e+01,4.157923698425292969e+01,3.993530273437500000e+00
5.639999999999999858e+01,3.410049452719863439e+01,1.799000000000000057e+02,2.521001805867040702e+01,4.155581474304199219e+01,4.545159339904785156e+00
5.660000000000000142e+01,3.139671315435163734e+01,1.799000000000000057e+02,2.655141368970648230e+01,3.864960670471191406e+01,5.745072364807128906e+00
5.660000000000000142e+01,3.136767490976746231e+01,1.799000000000000057e+02,2.700260429589536670e+01,3.812762260437011719e+01,6.547522544860839844e+00
5.700000000000000000e+01,3.107706856629779324e+01,1.799000000000000057e+02,2.834151369525798003e+01,3.766067504882812500e+01,6.958405971527099609e+00
5.700000000000000000e+01,3.001359342415296894e+01,1.799000000000000057e+02,2.810961259491075026e+01,3.783932685852050781e+01,7.391867637634277344e+00
5.670000000000000284e+01,2.974887595210556768e+01,1.799000000000000057e+02,2.738087042335843435e+01,3.722580909729003906e+01,7.574441432952880859e+00
5.650000000000000000e+01,2.973774502502007167e+01,1.799000000000000057e+02,2.661674451151112564e+01,3.604378700256347656e+01,7.583444118499755859e+00
5.650000000000000000e+01,3.173224684389016659e+01,1.799000000000000057e+02,2.558324122499037756e+01,3.372945785522460938e+01,8.027341365814208984e+00
5.639999999999999858e+01,3.318254426983771310e+01,1.799000000000000057e+02,2.444060392262524672e+01,3.210127830505371094e+01,7.668468952178955078e+00
5.629999999999999716e+01,3.110037744172200291e+01,1.799000000000000057e+02,2.577502150552886917e+01,3.124476432800292969e+01,8.178892135620117188e+00
5.589999999999999858e+01,3.160691039010266579e+01,1.799000000000000057e+02,2.492656162094522898e+01,3.179408073425292969e+01,8.643677234649658203e+00
5.600000000000000000e+01,2.957332150144195992e+01,1.799000000000000057e+02,2.662162034956987000e+01,2.932039260864257812e+01,9.064636230468750000e+00
5.570000000000000284e+01,2.922131869830067785e+01,1.799000000000000057e+02,2.645195286420813829e+01,2.722254753112792969e+01,8.763275146484375000e+00
5.550000000000000000e+01,2.702053000768071556e+01,1.799000000000000057e+02,2.752851475923202784e+01,2.615105628967285156e+01,8.313863277435302734e+00
4.360000000000000142e+01,2.708856563541317186e+01,1.799000000000000057e+02,2.732344911094384088e+01,2.742367744445800781e+01,7.923412322998046875e+00
4.360000000000000142e+01,2.791870727296508647e+01,1.799000000000000057e+02,2.713853788090520780e+01,2.990881919860839844e+01,7.008605003356933594e+00
4.320000000000000284e+01,2.818241997670444476e+01,1.799000000000000057e+02,2.613505270138378478e+01,2.930214881896972656e+01,6.491224765777587891e+00
6.470000000000000284e+01,2.145274595588914224e+01,1.190999999999999943e+02,5.507232158854399984e+00,4.172837257385253906e+01,1.716271281242370605e+01
7.000000000000000000e+01,2.017979863224787707e+01,1.187000000000000028e+02,5.010437263406762654e+00,4.229676246643066406e+01,1.651982903480529785e+01
6.659999999999999432e+01,2.334380308174154095e+01,1.192999999999999972e+02,5.085316465707869327e+00,4.120751380920410156e+01,1.661616802215576172e+01
7.000000000000000000e+01,2.411849061555580320e+01,1.194000000000000057e+02,5.238288749815001033e+00,4.124646186828613281e+01,1.725405693054199219e+01
7.000000000000000000e+01,2.197639526850409553e+01,1.190000000000000000e+02,6.180463512150442540e+00,3.995803833007812500e+01,1.806719303131103516e+01
6.329999999999999716e+01,2.410835459663829994e+01,1.195999999999999943e+02,7.061771468397783913e+00,3.873257637023925781e+01,1.788525700569152832e+01
6.229999999999999716e+01,2.640560754404205568e+01,1.200000000000000000e+02,7.151096605611932056e+00,3.668600082397460938e+01,1.801507353782653809e+01
6.089999999999999858e+01,2.777553068589363505e+01,1.204000000000000057e+02,7.902170701647042605e+00,3.460722923278808594e+01,1.875627040863037109e+01
6.089999999999999858e+01,2.671636949161888097e+01,1.202999999999999972e+02,7.991982407875575234e+00,3.690695762634277344e+01,1.801548600196838379e+01
6.089999999999999858e+01,2.737908379496213129e+01,1.205000000000000000e+02,8.061716457018382798e+00,3.467988014221191406e+01,1.752502918243408203e+01
6.089999999999999858e+01,2.738835467544483038e+01,1.205000000000000000e+02,6.736998612468704017e+00,3.416871070861816406e+01,1.716128230094909668e+01
6.089999999999999858e+01,2.852770604891052031e+01,1.205999999999999943e+02,5.430665495077215077e+00,3.527813911437988281e+01,1.754933118820190430e+01
6.089999999999999858e+01,2.802935112838198606e+01,1.205999999999999943e+02,5.376432320558295785e+00,3.487719535827636719e+01,1.724160671234130859e+01
6.110000000000000142e+01,2.736376459670954020e+01,1.204000000000000057e+02,6.086424860266472336e+00,3.482212066650390625e+01,1.688735485076904297e+01
6.050000000000000000e+01,2.736097280372198881e+01,1.205999999999999943e+02,4.951757010322680230e+00,3.447738647460937500e+01,1.696971774101257324e+01
6.010000000000000142e+01,2.780089407085092290e+01,1.207000000000000028e+02,5.335987901762846874e+00,3.608647346496582031e+01,1.608766078948974609e+01
6.010000000000000142e+01,2.727284091575075209e+01,1.207000000000000028e+02,6.463757139111344863e+00,3.448033332824707031e+01,1.557681083679199219e+01
5.989999999999999858e+01,2.871233820803650971e+01,1.209000000000000057e+02,5.611522141541716024e+00,3.380999565124511719e+01,1.520198583602905273e+01
5.920000000000000284e+01,2.896546934849072130e+01,1.210999999999999943e+02,5.351158033075869014e+00,3.463433265686035156e+01,1.446546554565429688e+01
5.889999999999999858e+01,3.009557325973160502e+01,1.212999999999999972e+02,6.867191519082188833e+00,3.551609992980957031e+01,1.381876945495605469e+01
5.970000000000000284e+01,3.094039825898190799e+01,1.212000000000000028e+02,6.686763849219534706e+00,3.724135398864746094e+01,1.395918369293212891e+01
5.939999999999999858e+01,3.225040951652271559e+01,1.212999999999999972e+02,5.136062661205025748e+00,3.939226150512695312e+01,1.413387298583984375e+01
5.939999999999999858e+01,3.362590328802578199e+01,1.215000000000000000e+02,5.440493076585861232e+00,3.713184356689453125e+01,1.370806694030761719e+01
5.989999999999999858e+01,3.215000586216564926e+01,1.212999999999999972e+02,5.228212666592718882e+00,3.655319213867187500e+01,1.333937883377075195e+01
5.950000000000000000e+01,3.208685369746188343e+01,1.212999999999999972e+02,6.603950873156404278e+00,3.635025978088378906e+01,1.390094757080078125e+01
5.939999999999999858e+01,3.257626224523563963e+01,1.212999999999999972e+02,6.498690296131346855e+00,3.585040092468261719e+01,1.338912487030029297e+01
5.939999999999999858e+01,3.190263724974133908e+01,1.212999999999999972e+02,7.611895019981873567e+00,3.628393173217773438e+01,1.290662527084350586e+01
5.860000000000000142e+01,3.359946880615905229e+01,1.217999999999999972e+02,8.749031579697906125e+00,3.423736572265625000e+01,1.296259403228759766e+01
5.789999999999999858e+01,3.436372735527352518e+01,1.220999999999999943e+02,9.335519888990111426e+00,3.248587608337402344e+01,1.278449535369873047e+01
5.789999999999999858e+01,3.550383799568837162e+01,1.222000000000000028e+02,8.530018457026452339e+00,3.078139305114746094e+01,1.358077764511108398e+01
5.789999999999999858e+01,3.617673452217221097e+01,1.222000000000000028e+02,9.597767030696894963e+00,2.912152290344238281e+01,1.336366176605224609e+01
5.750000000000000000e+01,3.503861329944125913e+01,1.222000000000000028e+02,1.077578452526570274e+01,3.085515975952148438e+01,1.311237812042236328e+01
5.739999999999999858e+01,3.439112178378199758e+01,1.222000000000000028e+02,1.026183047789160696e+01,2.985205650329589844e+01,1.404481410980224609e+01
5.739999999999999858e+01,3.629287805470958261e+01,1.225000000000000000e+02,1.032821209025852482e+01,2.975669860839843750e+01,1.478359699249267578e+01
5.739999999999999858e+01,3.511982945972886228e+01,1.225000000000000000e+02,1.020372880603857979e+01,2.987904548645019531e+01,1.514391899108886719e+01
5.760000000000000142e+01,3.513560750458947268e+01,1.222000000000000028e+02,9.223926521950591706e+00,2.777278900146484375e+01,1.589538335800170898e+01
5.739999999999999858e+01,3.714309406972452621e+01,1.227999999999999972e+02,9.176000589922333361e+00,2.894917488098144531e+01,1.612251043319702148e+01
5.700000000000000000e+01,3.898135770995617122e+01,1.227999999999999972e+02,8.214455181451603138e+00,2.775843620300292969e+01,1.628639698028564453e+01
5.760000000000000142e+01,3.565078473620977917e+01,1.224000000000000057e+02,7.525796500819828871e+00,2.742488861083984375e+01,1.579559087753295898e+01
5.760000000000000142e+01,3.565976928259377843e+01,1.224000000000000057e+02,7.315472487705965143e+00,2.636621475219726562e+01,1.636593341827392578e+01
5.750000000000000000e+01,3.637864766253235871e+01,1.225000000000000000e+02,7.265699610900711036e+00,2.600274085998535156e+01,1.613647937774658203e+01
5.750000000000000000e+01,3.625790624925214445e+01,1.225000000000000000e+02,7.025595120202786426e+00,2.539205551147460938e+01,1.550794601440429688e+01
5.739999999999999858e+01,3.526822022163563730e+01,1.225000000000000000e+02,7.393107131801507137e+00,2.600540161132812500e+01,1.465069770812988281e+01
5.689999999999999858e+01,3.668188404403898772e+01,1.227999999999999972e+02,8.147141151301596551e+00,2.461160659790039062e+01,1.472772121429443359e+01
5.739999999999999858e+01,3.496824363323068496e+01,1.225000000000000000e+02,7.206272834515795367e+00,2.428204536437988281e+01,1.549329280853271484e+01
5.700000000000000000e+01,3.329212430221497243e+01,1.225000000000000000e+02,8.465136802828821416e+00,2.377400398254394531e+01,1.540087223052978516e+01
5.670000000000000284e+01,3.264119583091773791e+01,1.225000000000000000e+02,9.390880057314761942e+00,2.341141700744628906e+01,1.610282897949218750e+01
5.700000000000000000e+01,3.285426326108117223e+01,1.224000000000000057e+02,8.787024233161151443e+00,2.583996772766113281e+01,1.595519542694091797e+01
5.710000000000000142e+01,3.419136568214896243e+01,1.225000000000000000e+02,7.135032330064396966e+00,2.333577156066894531e+01,1.681600093841552734e+01
5.710000000000000142e+01,3.427544734863796805e+01,1.225000000000000000e+02,5.687123334579093914e+00,2.223278045654296875e+01,1.751026868820190430e+01
5.729999999999999716e+01,3.387777799707924942e+01,1.224000000000000057e+02,4.980567590266739231e+00,2.364262580871582031e+01,1.729971408843994141e+01
5.529999999999999716e+01,4.092250561781462181e+01,1.779000000000000057e+02,1.120317467315611637e+01,3.629508018493652344e+01,1.587523460388183594e+01
5.539999999999999858e+01,4.043808397016854173e+01,1.775999999999999943e+02,1.139677172230698687e+01,3.857910156250000000e+01,1.519367456436157227e+01
5.570000000000000284e+01,4.090629554164587489e+01,1.765999999999999943e+02,1.192026731913020399e+01,3.617960929870605469e+01,1.608440876007080078e+01
5.579999999999999716e+01,4.285625862613795078e+01,1.756999999999999886e+02,9.955681361411128805e+00,3.713226318359375000e+01,1.521981954574584961e+01
5.550000000000000000e+01,4.245045201592601813e+01,1.759000000000000057e+02,9.076156423970033416e+00,3.474116325378417969e+01,1.584393501281738281e+01
5.560000000000000142e+01,4.435477380148149251e+01,1.753000000000000114e+02,8.097155294631603439e+00,3.671914100646972656e+01,1.588654994964599609e+01
5.550000000000000000e+01,4.168389951950522487e+01,1.759000000000000057e+02,9.996429184736632223e+00,3.859385490417480469e+01,1.636047601699829102e+01
5.560000000000000142e+01,4.167970631518885227e+01,1.760000000000000000e+02,1.064994630885522930e+01,4.060686111450195312e+01,1.597282171249389648e+01
5.570000000000000284e+01,3.912836303587103259e+01,1.760999999999999943e+02,1.318649424414501681e+01,3.829004287719726562e+01,1.619662761688232422e+01
5.589999999999999858e+01,3.764474846185895984e+01,1.234000000000000057e+02,1.254034417833987192e+01,3.573576927185058594e+01,1.668045759201049805e+01
5.639999999999999858e+01,3.700055767285667230e+01,1.227999999999999972e+02,1.183087860508421585e+01,3.332097053527832031e+01,1.707103013992309570e+01
5.600000000000000000e+01,3.744716507946754547e+01,1.234000000000000057e+02,1.278698097336724615e+01,3.074004173278808594e+01,1.736504197120666504e+01
5.620000000000000284e+01,3.628639833787549662e+01,1.230000000000000000e+02,1.348656204679184967e+01,3.301756858825683594e+01,1.685049533843994141e+01
5.579999999999999716e+01,3.747231090528079278e+01,1.234000000000000057e+02,1.436276116434154204e+01,3.506054878234863281e+01,1.718449473381042480e+01
5.529999999999999716e+01,3.780503997603412358e+01,1.770999999999999943e+02,1.326958496499383244e+01,3.596936225891113281e+01,1.755532979965209961e+01
5.529999999999999716e+01,3.693802682201641829e+01,1.764000000000000057e+02,1.328886086533764654e+01,3.669172286987304688e+01,1.681918740272521973e+01
5.579999999999999716e+01,3.821514649780174011e+01,1.234000000000000057e+02,1.281862830661052044e+01,3.543097496032714844e+01,1.758326768875122070e+01
5.570000000000000284e+01,3.829786365934816672e+01,1.764000000000000057e+02,1.349566339296394801e+01,3.778220176696777344e+01,1.752304673194885254e+01
5.529999999999999716e+01,3.768406439582739864e+01,1.770000000000000000e+02,1.325931258843480975e+01,3.965407371520996094e+01,1.787320017814636230e+01
5.500000000000000000e+01,3.547654167974788919e+01,1.775999999999999943e+02,1.427934363326589029e+01,3.867443084716796875e+01,1.868152856826782227e+01
5.500000000000000000e+01,3.532571925028651094e+01,1.788000000000000114e+02,1.512805877576336222e+01,3.843907356262207031e+01,1.918224334716796875e+01
4.360000000000000142e+01,3.453492415796488046e+01,1.799000000000000057e+02,1.402966181211745145e+01,3.791396141052246094e+01,1.900124073028564453e+01
4.360000000000000142e+01,3.467823465574534936e+01,1.795999999999999943e+02,1.404085476836049295e+01,3.604050636291503906e+01,1.883363246917724609e+01
4.360000000000000142e+01,3.394238780811421918e+01,1.799000000000000057e+02,1.451277338643682135e+01,3.395404815673828125e+01,1.897798061370849609e+01
4.389999999999999858e+01,3.567955678566052313e+01,1.794000000000000057e+02,1.399456873530583678e+01,3.458849906921386719e+01,1.832860231399536133e+01
4.360000000000000142e+01,3.382811229352917337e+01,1.799000000000000057e+02,1.471534528882417980e+01,3.437270164489746094e+01,1.902609348297119141e+01
4.320000000000000284e+01,3.615090618630161146e+01,1.799000000000000057e+02,1.284527866921490613e+01,3.447945594787597656e+01,1.857465863227844238e+01
4.360000000000000142e+01,3.536440854432145642e+01,1.799000000000000057e+02,1.409420852730556462e+01,3.477501869201660156e+01,1.869431138038635254e+01
4.339999999999999858e+01,3.670336401511993785e+01,1.799000000000000057e+02,1.345275047012270342e+01,3.636461257934570312e+01,1.770040154457092285e+01
4.360000000000000142e+01,3.454802503056924223e+01,1.799000000000000057e+02,1.553347197556330705e+01,3.532990455627441406e+01,1.738480687141418457e+01
4.360000000000000142e+01,3.565646819232582487e+01,1.799000000000000057e+02,1.422946995952441185e+01,3.701382637023925781e+01,1.697460293769836426e+01
4.370000000000000284e+01,3.638425875053459890e+01,1.799000000000000057e+02,1.389420991076423739e+01,3.952112197875976562e+01,1.730007290840148926e+01
4.389999999999999858e+01,3.693056479696291916e+01,1.799000000000000057e+02,1.342113094900155623e+01,4.144280433654785156e+01,1.711609005928039551e+01
5.529999999999999716e+01,3.600932393124472952e+01,1.786999999999999886e+02,1.517197951821829349e+01,4.383952140808105469e+01,1.711750030517578125e+01
5.500000000000000000e+01,3.642150824946818943e+01,1.788000000000000114e+02,1.522244540522177836e+01,4.350322723388671875e+01,1.718509554862976074e+01
5.500000000000000000e+01,3.417328438606227081e+01,1.790999999999999943e+02,1.647798370100595022e+01,4.173905372619628906e+01,1.799160003662109375e+01
5.479999999999999716e+01,3.684047101291385218e+01,1.795999999999999943e+02,1.459435094259571031e+01,4.108016967773437500e+01,1.767499089241027832e+01
4.360000000000000142e+01,3.616511852393468018e+01,1.799000000000000057e+02,1.308330367655661242e+01,4.106155395507812500e+01,1.738546252250671387e+01
4.320000000000000284e+01,3.707587786271757579e+01,1.799000000000000057e+02,1.176665277200079274e+01,3.933764457702636719e+01,1.728948354721069336e+01
4.360000000000000142e+01,3.650902429385057246e+01,1.799000000000000057e+02,1.325857464666092866e+01,4.020441055297851562e+01,1.752148628234863281e+01
4.300000000000000000e+01,3.682846643243657070e+01,1.799000000000000057e+02,1.133241380034456469e+01,3.882673263549804688e+01,1.719005346298217773e+01
4.300000000000000000e+01,3.537836199475934507e+01,1.799000000000000057e+02,1.288347722492019187e+01,3.971434593200683594e+01,1.783781647682189941e+01
4.300000000000000000e+01,3.681036993137716706e+01,1.799000000000000057e+02,1.150104409811579487e+01,3.816741943359375000e+01,1.735221982002258301e+01
4.279999999999999716e+01,3.832042468557959580e+01,1.799000000000000057e+02,9.906608641234111445e+00,3.650374412536621094e+01,1.726848363876342773e+01
4.300000000000000000e+01,3.711083628630415632e+01,1.799000000000000057e+02,1.083046465142827230e+01,3.634766578674316406e+01,1.793435811996459961e+01
4.320000000000000284e+01,3.778414318982718356e+01,1.799000000000000057e+02,1.056206339796256799e+01,3.458412170410156250e+01,1.880584239959716797e+01
4.279999999999999716e+01,3.647964744306607088e+01,1.799000000000000057e+02,9.647463887228926893e+00,3.606239318847656250e+01,1.936337471008300781e+01
4.300000000000000000e+01,3.607403859753699038e+01,1.799000000000000057e+02,1.034420625287506290e+01,3.781764030456542969e+01,1.989478588104248047e+01
4.320000000000000284e+01,3.639315510324583158e+01,1.799000000000000057e+02,1.105226142419641633e+01,3.931138038635253906e+01,1.905014991760253906e+01
4.320000000000000284e+01,3.769898527980826941e+01,1.798000000000000114e+02,9.424404504457516651e+00,4.153635978698730469e+01,1.861552238464355469e+01
4.320000000000000284e+01,3.677940682276263828e+01,1.799000000000000057e+02,1.030393769588310349e+01,4.230472564697265625e+01,1.807516694068908691e+01
5.739999999999999858e+01,3.109029929255761004e+01,1.215000000000000000e+02,2.279082878119266908e+01,3.453283309936523438e+00,1.272675275802612305e+01
5.710000000000000142e+01,3.202450998265832283e+01,1.217999999999999972e+02,2.191328380629585126e+01,5.907840728759765625e+00,1.206208229064941406e+01
5.679999999999999716e+01,3.378059725781880474e+01,1.789000000000000057e+02,2.213901176144696947e+01,7.161779403686523438e+00,1.126113176345825195e+01
5.710000000000000142e+01,3.309265409259101887e+01,1.220000000000000000e+02,2.294475426192212453e+01,6.818227767944335938e+00,1.087747812271118164e+01
5.720000000000000284e+01,3.187532655081364297e+01,1.215999999999999943e+02,2.409548050712690781e+01,8.556795120239257812e+00,1.035696029663085938e+01
5.739999999999999858e+01,2.968701345035444916e+01,1.210999999999999943e+02,2.390240977744006301e+01,6.862220764160156250e+00,1.012913465499877930e+01
5.700000000000000000e+01,3.093910527178984182e+01,1.795999999999999943e+02,2.486948692466588895e+01,9.751148223876953125e+00,1.025483846664428711e+01
5.760000000000000142e+01,3.055833943103845485e+01,1.210999999999999943e+02,2.465281450115710982e+01,1.135487556457519531e+01,9.271335601806640625e+00
5.720000000000000284e+01,3.154100159850865026e+01,1.215000000000000000e+02,2.423847631358110633e+01,9.629573822021484375e+00,9.174122810363769531e+00
5.739999999999999858e+01,2.992591392966586028e+01,1.210999999999999943e+02,2.442976246466886181e+01,7.736606597900390625e+00,9.579629898071289062e+00
5.789999999999999858e+01,3.062086709610274227e+01,1.210999999999999943e+02,2.351640605829128106e+01,7.023782730102539062e+00,9.391322135925292969e+00
5.829999999999999716e+01,3.005168239936364927e+01,1.207000000000000028e+02,2.291520142128144144e+01,4.660863876342773438e+00,9.919071197509765625e+00
5.829999999999999716e+01,2.941301242345395650e+01,1.207000000000000028e+02,2.178018732447587169e+01,5.216016769409179688e+00,1.060026645660400391e+01
5.889999999999999858e+01,2.915774217402398705e+01,1.204000000000000057e+02,2.117255351354995341e+01,3.341617584228515625e+00,1.062081813812255859e+01
5.889999999999999858e+01,3.110263976456923629e+01,1.207000000000000028e+02,2.091391735931543039e+01,3.722076416015625000e+00,1.111876010894775391e+01
5.889999999999999858e+01,3.127257879592530543e+01,1.207000000000000028e+02,2.039341116159152989e+01,2.007617950439453125e+00,1.068429470062255859e+01
5.889999999999999858e+01,3.406871028619224262e+01,1.212000000000000028e+02,1.987803484081109318e+01,3.576126098632812500e+00,1.058719635009765625e+01
5.889999999999999858e+01,3.481334928478221258e+01,1.212999999999999972e+02,1.998412428683671394e+01,4.942483901977539062e+00,1.082369565963745117e+01
5.860000000000000142e+01,3.632047316580818119e+01,1.217999999999999972e+02,2.001255241858594758e+01,3.935394287109375000e+00,1.152924537658691406e+01
5.829999999999999716e+01,3.594017276542929551e+01,1.217000000000000028e+02,2.067759405653342597e+01,3.508348464965820312e+00,1.100896835327148438e+01
5.789999999999999858e+01,3.548300240645804138e+01,1.220000000000000000e+02,2.096649576484065136e+01,3.602809906005859375e+00,1.175836563110351562e+01
5.789999999999999858e+01,3.518887101859827027e+01,1.217999999999999972e+02,2.208885178158195117e+01,2.013225555419921875e+00,1.220714569091796875e+01
4.120000000000000284e+01,1.161638068535853208e+01,1.799000000000000057e+02,1.227464466989317948e+01,1.176690101623535156e+01,6.011514663696289062e+00
4.100000000000000000e+01,1.180977804023245881e+01,1.799000000000000057e+02,1.057695794531323941e+01,9.471893310546875000e+00,6.296479701995849609e+00
4.100000000000000000e+01,7.032645501883508565e+00,1.799000000000000057e+02,1.191431050445237183e+01,1.045177459716796875e+01,6.459364891052246094e+00
4.100000000000000000e+01,5.596612160922788348e+00,1.799000000000000057e+02,1.358722630058491809e+01,1.102522850036621094e+01,7.222995758056640625e+00
4.100000000000000000e+01,6.130715909301325262e+00,1.799000000000000057e+02,1.476444458381287639e+01,9.981451034545898438e+00,6.878123283386230469e+00
4.120000000000000284e+01,4.926546269983370863e+00,1.799000000000000057e+02,1.693537851899577618e+01,1.185815811157226562e+01,6.135172843933105469e+00
4.120000000000000284e+01,5.179440853340167905e+00,1.799000000000000057e+02,1.761584190604352784e+01,1.169955253601074219e+01,6.377189159393310547e+00
4.120000000000000284e+01,2.777348635992861858e+00,1.799000000000000057e+02,1.716830613320822607e+01,1.306280136108398438e+01,5.544109344482421875e+00
4.120000000000000284e+01,3.417229719901739848e+00,1.799000000000000057e+02,1.852938323471110493e+01,1.374678611755371094e+01,5.944447517395019531e+00
4.139999999999999858e+01,1.853927181973316518e+00,1.799000000000000057e+02,2.057004556847087073e+01,1.302834510803222656e+01,5.367293357849121094e+00
4.139999999999999858e+01,3.039060793776061864e+00,1.799000000000000057e+02,2.038484364308277819e+01,1.544996261596679688e+01,5.429673194885253906e+00
4.120000000000000284e+01,5.476802840275597717e+00,1.799000000000000057e+02,1.885863300212146854e+01,1.334858894348144531e+01,5.814940929412841797e+00
4.120000000000000284e+01,3.624726003271803165e+00,1.799000000000000057e+02,2.041731753062959953e+01,1.176189422607421875e+01,6.690993309020996094e+00
4.120000000000000284e+01,4.174955083453529170e+00,1.799000000000000057e+02,1.825952786552073093e+01,1.099772453308105469e+01,5.983710289001464844e+00
4.120000000000000284e+01,4.586143866993228069e-01,1.799000000000000057e+02,1.888316540080501582e+01,1.176151275634765625e+01,5.716834068298339844e+00
4.120000000000000284e+01,1.408678345236198837e+00,1.799000000000000057e+02,1.964780425449042056e+01,1.119130134582519531e+01,5.853514671325683594e+00
4.120000000000000284e+01,7.225346898810445229e-01,1.799000000000000057e+02,2.000283813706853664e+01,8.465652465820312500e+00,6.369667053222656250e+00
4.120000000000000284e+01,5.290816541151466268e-02,7.500000000000000000e+01,2.142861513671544671e+01,7.238769531250000000e+00,6.456239223480224609e+00
4.120000000000000284e+01,2.488917114836021405e+00,1.799000000000000057e+02,2.041781300292281998e+01,6.327753067016601562e+00,5.800826549530029297e+00
4.120000000000000284e+01,1.806571970841475361e+00,1.799000000000000057e+02,2.092954571636958150e+01,7.798700332641601562e+00,5.568041801452636719e+00
4.120000000000000284e+01,4.106785701764552599e+00,1.799000000000000057e+02,1.964728432425082616e+01,7.749242782592773438e+00,5.668735504150390625e+00
4.120000000000000284e+01,2.631990539374164051e+00,1.799000000000000057e+02,1.891933665677460397e+01,8.519153594970703125e+00,5.363254547119140625e+00
4.100000000000000000e+01,3.867356191296554613e+00,1.799000000000000057e+02,1.730141103051031237e+01,9.706544876098632812e+00,4.939315319061279297e+00
4.100000000000000000e+01,7.038484215391643595e+00,1.799000000000000057e+02,1.582625345680277107e+01,7.948017120361328125e+00,4.851882457733154297e+00
4.079999999999999716e+01,7.475571641983557392e+00,1.799000000000000057e+02,1.438490046659732613e+01,6.131925582885742188e+00,5.067675113677978516e+00
4.100000000000000000e+01,9.736967869314597124e+00,1.799000000000000057e+02,1.417967508662765219e+01,6.569814682006835938e+00,5.662627220153808594e+00
4.100000000000000000e+01,1.195245268621452261e+01,1.799000000000000057e+02,1.356501135629289756e+01,7.672147750854492188e+00,5.259146690368652344e+00
4.100000000000000000e+01,8.577411953217048080e+00,1.799000000000000057e+02,1.391522125497662365e+01,8.714246749877929688e+00,5.286576747894287109e+00
4.079999999999999716e+01,7.382179397290822287e+00,1.799000000000000057e+02,1.322745509057562607e+01,1.063779830932617188e+01,5.472834110260009766e+00
4.100000000000000000e+01,8.145507604083487507e+00,1.799000000000000057e+02,1.456137353069162188e+01,8.275337219238281250e+00,5.658454895019531250e+00
4.100000000000000000e+01,8.383962931654911799e+00,1.799000000000000057e+02,1.360422962471440833e+01,7.000656127929687500e+00,6.364662647247314453e+00
4.100000000000000000e+01,8.616775578619042975e+00,1.799000000000000057e+02,1.253595978836252733e+01,5.207490921020507812e+00,6.370859146118164062e+00
4.079999999999999716e+01,1.014566535450231122e+01,1.799000000000000057e+02,1.102939696037840989e+01,8.116998672485351562e+00,5.709424018859863281e+00
4.079999999999999716e+01,1.230617265093014545e+01,1.799000000000000057e+02,8.764695132042270131e+00,6.868371963500976562e+00,5.897450447082519531e+00
4.100000000000000000e+01,1.373015479886607615e+01,1.799000000000000057e+02,9.483840124031896579e+00,7.702207565307617188e+00,5.353355407714843750e+00
4.079999999999999716e+01,1.584782755355782768e+01,1.799000000000000057e+02,9.894899355271192576e+00,1.014641761779785156e+01,4.232623577117919922e+00
4.079999999999999716e+01,1.749090695129168438e+01,1.799000000000000057e+02,9.089544222619501568e+00,1.278806686401367188e+01,3.268699645996093750e+00
4.079999999999999716e+01,1.917426827882917451e+01,1.799000000000000057e+02,8.619341875833066879e+00,1.290799140930175781e+01,3.692827224731445312e+00
4.079999999999999716e+01,2.359697504681606972e+01,1.799000000000000057e+02,7.542308037097659401e+00,1.198524475097656250e+01,3.759174346923828125e+00
4.079999999999999716e+01,2.473842770779075906e+01,1.799000000000000057e+02,6.774793251632474700e+00,1.202033042907714844e+01,4.041547775268554688e+00
4.079999999999999716e+01,2.596281546696301490e+01,1.799000000000000057e+02,7.339861540861274847e+00,1.266412734985351562e+01,4.560825824737548828e+00
4.100000000000000000e+01,2.737523669793551306e+01,1.799000000000000057e+02,8.035705579354475603e+00,1.084866523742675781e+01,4.179272651672363281e+00
4.079999999999999716e+01,2.815857165602670520e+01,1.799000000000000057e+02,6.053879467383932678e+00,1.033552169799804688e+01,4.731986522674560547e+00
4.079999999999999716e+01,2.649976816492367249e+01,1.799000000000000057e+02,6.199146320092779661e+00,7.921552658081054688e+00,5.811581611633300781e+00
4.079999999999999716e+01,2.624313418514455520e+01,1.799000000000000057e+02,6.493180790718420248e+00,6.995277404785156250e+00,6.550853252410888672e+00
4.079999999999999716e+01,2.681233124260792522e+01,1.799000000000000057e+02,5.898237955413707212e+00,6.316785812377929688e+00,6.589565277099609375e+00
4.070000000000000284e+01,2.482923044421064418e+01,1.799000000000000057e+02,5.588058300614024532e+00,7.654190063476562500e+00,5.809898376464843750e+00
4.079999999999999716e+01,2.710093416621244344e+01,1.799000000000000057e+02,5.098582469262379568e+00,6.175880432128906250e+00,6.336913108825683594e+00
4.070000000000000284e+01,2.880626827285944103e+01,1.799000000000000057e+02,4.664612155438915053e+00,6.395072937011718750e+00,6.927947998046875000e+00
4.079999999999999716e+01,2.987770161106755751e+01,1.799000000000000057e+02,3.596504149930521255e+00,6.140718460083007812e+00,7.596983909606933594e+00
4.079999999999999716e+01,3.017052728420991059e+01,1.799000000000000057e+02,3.903348388512805300e+00,9.003353118896484375e+00,6.501798629760742188e+00
4.139999999999999858e+01,2.973777624019922558e-02,1.799000000000000057e+02,1.774059920419617598e+01,1.462948799133300781e+01,1.043828487396240234e+01
4.050000000000000000e+01,7.080252040891818130e-03,1.799000000000000057e+02,1.774208284539810876e+01,1.570871353149414062e+01,1.057104110717773438e+01
4.050000000000000000e+01,7.755706333349550452e-03,1.799000000000000057e+02,1.817953683352044081e+01,1.705451965332031250e+01,1.076615333557128906e+01
6.150000000000000000e+01,1.773428085748561145e+01,1.187000000000000028e+02,1.088966756488075838e+01,4.347497940063476562e+01,1.720169425010681152e+01
5.970000000000000284e+01,1.854547485001631557e+01,1.192000000000000028e+02,1.180943213843022122e+01,4.106277465820312500e+01,1.732504606246948242e+01
6.150000000000000000e+01,1.894701135225901112e+01,1.190000000000000000e+02,1.099647528990933409e+01,4.300837516784667969e+01,1.667445898056030273e+01
6.089999999999999858e+01,1.965226148223555569e+01,1.192999999999999972e+02,9.797489192093461696e+00,4.520095825195312500e+01,1.660985469818115234e+01
6.089999999999999858e+01,2.143625282450530989e+01,1.195999999999999943e+02,1.087338171187587754e+01,4.536221504211425781e+01,1.688870549201965332e+01
6.089999999999999858e+01,2.125468700835923741e+01,1.197000000000000028e+02,9.198824551562470475e+00,4.423307418823242188e+01,1.692937135696411133e+01
6.089999999999999858e+01,2.096511135210263888e+01,1.197999999999999972e+02,7.456664713490966712e+00,4.465987205505371094e+01,1.670762062072753906e+01
5.989999999999999858e+01,2.258069661643719783e+01,1.200999999999999943e+02,6.907466074786294818e+00,4.296963691711425781e+01,1.746148943901062012e+01
5.939999999999999858e+01,2.417084688962127714e+01,1.204000000000000057e+02,8.401183418860711072e+00,4.153793334960937500e+01,1.693136096000671387e+01
5.950000000000000000e+01,2.314089560727497386e+01,1.202000000000000028e+02,9.814889665394961327e+00,3.917098045349121094e+01,1.798324108123779297e+01
5.939999999999999858e+01,2.282182165668062979e+01,1.200999999999999943e+02,9.566000250699532970e+00,3.932642936706542969e+01,1.838884592056274414e+01
5.939999999999999858e+01,2.391205548699263161e+01,1.202999999999999972e+02,1.014170808616058572e+01,3.929256439208984375e+01,1.900143623352050781e+01
5.939999999999999858e+01,2.393412420068118251e+01,1.204000000000000057e+02,9.711667347809909145e+00,3.799742698669433594e+01,1.859018921852111816e+01
5.889999999999999858e+01,2.427051886463480201e+01,1.204000000000000057e+02,1.151323170906066728e+01,3.614113807678222656e+01,1.936357736587524414e+01
5.939999999999999858e+01,2.290765232025957232e+01,1.200000000000000000e+02,1.145736187621173485e+01,3.720788002014160156e+01,2.004707813262939453e+01
5.920000000000000284e+01,2.427668574495562481e+01,1.204000000000000057e+02,1.088078139793607946e+01,3.711922645568847656e+01,1.957434892654418945e+01
5.939999999999999858e+01,2.435254209416127225e+01,1.204000000000000057e+02,9.929182636238691018e+00,3.523674011230468750e+01,2.032935619354248047e+01
5.939999999999999858e+01,2.453246566816824625e+01,1.205000000000000000e+02,8.883968018931220456e+00,3.314033508300781250e+01,2.047804117202758789e+01
6.050000000000000000e+01,2.510545438076902514e+01,1.202999999999999972e+02,8.128609998890096833e+00,3.450779914855957031e+01,2.057727813720703125e+01
6.089999999999999858e+01,2.521026292409253600e+01,1.202000000000000028e+02,8.315934561424272786e+00,3.670512199401855469e+01,2.054358243942260742e+01
5.989999999999999858e+01,2.585457887440101743e+01,1.205000000000000000e+02,9.444213238728448090e+00,3.802477836608886719e+01,2.012032985687255859e+01
6.029999999999999716e+01,2.389980661733554257e+01,1.200999999999999943e+02,9.706302650604479609e+00,3.901907920837402344e+01,1.971539378166198730e+01
6.010000000000000142e+01,2.220186448857980110e+01,1.197999999999999972e+02,1.064861310862570853e+01,3.755346298217773438e+01,1.952376365661621094e+01
5.989999999999999858e+01,2.093059968174262409e+01,1.197000000000000028e+02,1.152473592329698882e+01,4.005390167236328125e+01,1.925011634826660156e+01
6.089999999999999858e+01,2.246401352628968695e+01,1.197000000000000028e+02,1.085754715749904342e+01,3.830679893493652344e+01,1.998780131340026855e+01
6.050000000000000000e+01,2.325189521623142497e+01,1.197999999999999972e+02,1.186010285061766467e+01,3.674627304077148438e+01,2.049837112426757812e+01
6.010000000000000142e+01,2.294715685048783627e+01,1.197999999999999972e+02,1.315058501162345195e+01,3.727333068847656250e+01,2.021109580993652344e+01
5.950000000000000000e+01,2.487826650525601480e+01,1.200999999999999943e+02,1.365580460107085159e+01,3.951561927795410156e+01,1.980352997779846191e+01
5.889999999999999858e+01,2.435324491011477477e+01,1.202999999999999972e+02,1.321108419756355445e+01,3.773374557495117188e+01,1.970422029495239258e+01
5.889999999999999858e+01,2.536237064805452945e+01,1.205999999999999943e+02,1.201588077948783706e+01,3.611124992370605469e+01,1.950919508934020996e+01
5.889999999999999858e+01,2.566277350260147827e+01,1.205000000000000000e+02,1.337827566133176482e+01,3.532071113586425781e+01,1.933069467544555664e+01
5.860000000000000142e+01,2.608029211520047141e+01,1.207000000000000028e+02,1.183123904806734394e+01,3.329427719116210938e+01,1.947108983993530273e+01
5.860000000000000142e+01,2.389894012883356922e+01,1.205000000000000000e+02,1.178691029269852031e+01,3.494934082031250000e+01,1.881319522857666016e+01
5.860000000000000142e+01,2.302958846657589476e+01,1.202999999999999972e+02,1.208901323386920978e+01,3.490900993347167969e+01,1.824318647384643555e+01
5.920000000000000284e+01,2.318430105467934155e+01,1.202999999999999972e+02,1.074270315384358199e+01,3.385309219360351562e+01,1.862064838409423828e+01
5.920000000000000284e+01,2.344717286890963592e+01,1.202999999999999972e+02,1.093765738126403519e+01,3.141631126403808594e+01,1.848419904708862305e+01
5.939999999999999858e+01,2.308932095249035399e+01,1.202000000000000028e+02,9.710850040507928327e+00,3.192214012145996094e+01,1.835270881652832031e+01
5.939999999999999858e+01,2.263165275694719369e+01,1.200999999999999943e+02,1.087484294001828111e+01,3.382695198059082031e+01,1.842754364013671875e+01
5.970000000000000284e+01,2.409305638900727331e+01,1.202000000000000028e+02,9.847181250258511653e+00,3.152335166931152344e+01,1.920448064804077148e+01
5.920000000000000284e+01,2.230053856233641696e+01,1.200999999999999943e+02,1.070166377665919377e+01,2.995621681213378906e+01,1.929619789123535156e+01
5.989999999999999858e+01,2.137896781543828695e+01,1.197999999999999972e+02,1.092039765678462793e+01,3.160225868225097656e+01,1.976653337478637695e+01
5.920000000000000284e+01,2.273758071954705429e+01,1.200999999999999943e+02,1.138078766524891527e+01,3.208957672119140625e+01,1.959836959838867188e+01
5.829999999999999716e+01,2.451293928237814868e+01,1.205999999999999943e+02,1.259253385042948103e+01,3.014595985412597656e+01,1.996931314468383789e+01
5.860000000000000142e+01,2.571527444774794091e+01,1.207999999999999972e+02,1.111827244686988436e+01,2.808268547058105469e+01,1.991243004798889160e+01
5.860000000000000142e+01,2.426021233266818200e+01,1.205000000000000000e+02,1.259061201927718443e+01,2.725854873657226562e+01,2.047770738601684570e+01
5.829999999999999716e+01,2.504511029612843487e+01,1.205999999999999943e+02,1.376161194362520668e+01,2.665465354919433594e+01,2.125518798828125000e+01
5.789999999999999858e+01,2.466592601948900665e+01,1.207000000000000028e+02,1.479502108028637686e+01,2.791546821594238281e+01,2.100274801254272461e+01
5.789999999999999858e+01,2.539634153345666334e+01,1.209000000000000057e+02,1.346461437897298907e+01,2.620754241943359375e+01,2.052642345428466797e+01
5.710000000000000142e+01,2.585228930776720446e+01,1.212000000000000028e+02,1.369919515218628980e+01,2.524537086486816406e+01,2.004638433456420898e+01
5.700000000000000000e+01,2.759939171667884494e+01,1.215000000000000000e+02,1.451103399308317421e+01,2.700105667114257812e+01,2.047215461730957031e+01
5.739999999999999858e+01,2.814258121876262209e+01,1.215000000000000000e+02,1.300908339484718823e+01,2.435167312622070312e+01,2.037504196166992188e+01
4.200000000000000000e+01,2.822195013415666409e+01,1.799000000000000057e+02,1.501094790449909766e+01,1.378300666809082031e+01,8.891427516937255859e+00
4.200000000000000000e+01,2.774699781240440188e+01,1.799000000000000057e+02,1.613395884060621199e+01,1.213140487670898438e+01,9.784028530120849609e+00
4.220000000000000284e+01,2.922116283084989519e+01,1.799000000000000057e+02,1.559743156835399347e+01,1.008334159851074219e+01,9.306635856628417969e+00
4.220000000000000284e+01,3.020636401598677878e+01,1.799000000000000057e+02,1.476289962120703336e+01,8.620605468750000000e+00,8.982267379760742188e+00
4.200000000000000000e+01,2.856302052607666653e+01,1.799000000000000057e+02,1.510132791841763300e+01,7.543487548828125000e+00,9.103546142578125000e+00
4.200000000000000000e+01,2.700217074804802309e+01,1.799000000000000057e+02,1.521736502698412608e+01,7.164354324340820312e+00,9.892811775207519531e+00
4.220000000000000284e+01,2.651559483950605056e+01,1.799000000000000057e+02,1.593109088518409422e+01,6.162033081054687500e+00,9.649531841278076172e+00
4.200000000000000000e+01,2.423884427717885615e+01,1.799000000000000057e+02,1.711192411039820982e+01,5.752286911010742188e+00,9.546072483062744141e+00
4.189999999999999858e+01,2.411347963776647063e+01,1.799000000000000057e+02,1.649209643018165394e+01,6.034584045410156250e+00,1.006503105163574219e+01
4.200000000000000000e+01,2.481194664500389635e+01,1.799000000000000057e+02,1.650840929733875129e+01,4.874296188354492188e+00,9.903273582458496094e+00
4.200000000000000000e+01,2.547749076059456996e+01,1.799000000000000057e+02,1.716551934932585510e+01,6.700611114501953125e+00,1.026670932769775391e+01
4.200000000000000000e+01,2.485073377348763302e+01,1.799000000000000057e+02,1.802315945775307426e+01,8.739614486694335938e+00,9.586172103881835938e+00
4.200000000000000000e+01,2.648569686775734056e+01,1.799000000000000057e+02,1.615030435918025731e+01,7.710733413696289062e+00,1.023507595062255859e+01
4.200000000000000000e+01,2.474384372569524260e+01,1.799000000000000057e+02,1.737531411816350868e+01,6.510438919067382812e+00,9.757533073425292969e+00
4.220000000000000284e+01,2.608414255860834530e+01,1.799000000000000057e+02,1.817759668519907734e+01,4.686164855957031250e+00,1.016790151596069336e+01
4.229999999999999716e+01,2.739404516270147028e+01,1.799000000000000057e+02,1.789519700171606686e+01,3.856973648071289062e+00,1.057271003723144531e+01
4.200000000000000000e+01,2.609064649464699670e+01,1.799000000000000057e+02,1.745764261308441689e+01,2.664670944213867188e+00,1.136036872863769531e+01
4.200000000000000000e+01,2.354638689524560391e+01,1.799000000000000057e+02,1.889068717511415940e+01,3.912820816040039062e+00,1.169614791870117188e+01
4.200000000000000000e+01,2.498512180807363947e+01,1.799000000000000057e+02,1.844999134817462050e+01,3.470134735107421875e+00,1.151490211486816406e+01
4.229999999999999716e+01,2.750318006988845809e+01,1.799000000000000057e+02,1.906333279759900279e+01,5.101213455200195312e+00,1.103114843368530273e+01
4.250000000000000000e+01,2.831468457087905932e+01,1.799000000000000057e+02,1.787582783359617977e+01,6.991968154907226562e+00,1.020018577575683594e+01
4.220000000000000284e+01,2.777048330327584225e+01,1.799000000000000057e+02,1.755044880117980810e+01,8.467931747436523438e+00,9.600503444671630859e+00
4.229999999999999716e+01,3.015040759384806535e+01,1.799000000000000057e+02,1.670653016830061688e+01,1.103193283081054688e+01,8.577136993408203125e+00
4.220000000000000284e+01,2.985997032482237756e+01,1.799000000000000057e+02,1.499790053514559673e+01,1.070109367370605469e+01,8.541491031646728516e+00
4.200000000000000000e+01,2.889196724197915955e+01,1.799000000000000057e+02,1.567809541465786793e+01,9.372882843017578125e+00,9.183936119079589844e+00
4.200000000000000000e+01,2.766423741155435678e+01,1.799000000000000057e+02,1.601378446542162237e+01,8.888988494873046875e+00,8.563132286071777344e+00
4.189999999999999858e+01,2.575439660299556621e+01,1.799000000000000057e+02,1.746175788128035578e+01,1.028839111328125000e+01,8.474638462066650391e+00
4.179999999999999716e+01,2.625395335500949301e+01,1.799000000000000057e+02,1.668730807655192550e+01,9.280986785888671875e+00,8.136801719665527344e+00
4.200000000000000000e+01,2.938607878917406069e+01,1.799000000000000057e+02,1.499053245984450555e+01,8.485927581787109375e+00,8.361773490905761719e+00
4.200000000000000000e+01,3.203757951074722143e+01,1.799000000000000057e+02,1.348192913460121112e+01,9.487867355346679688e+00,8.467898368835449219e+00
4.200000000000000000e+01,2.971677337290189769e+01,1.799000000000000057e+02,1.519656282010112136e+01,1.020347595214843750e+01,7.928624153137207031e+00
4.220000000000000284e+01,3.330178122683753372e+01,1.799000000000000057e+02,1.415245704535427684e+01,9.922409057617187500e+00,8.246085643768310547e+00
4.229999999999999716e+01,3.356597224899625331e+01,1.799000000000000057e+02,1.507785095344467585e+01,1.195224761962890625e+01,8.424968719482421875e+00
4.260000000000000142e+01,3.540057746608889744e+01,1.799000000000000057e+02,1.474664631501027046e+01,1.388817787170410156e+01,7.447645664215087891e+00
4.300000000000000000e+01,3.675843012202915361e+01,1.799000000000000057e+02,1.477973366901760066e+01,1.431502342224121094e+01,6.839656829833984375e+00
4.300000000000000000e+01,3.702299491896703643e+01,1.799000000000000057e+02,1.521617493850873259e+01,1.653047561645507812e+01,5.885672569274902344e+00
4.320000000000000284e+01,3.766556028537505796e+01,1.799000000000000057e+02,1.461788241211584349e+01,1.458272933959960938e+01,5.382366180419921875e+00
5.570000000000000284e+01,3.728547697334774114e+01,1.799000000000000057e+02,1.474793413523052443e+01,1.681785583496093750e+01,4.604086875915527344e+00
5.610000000000000142e+01,3.791044291302274871e+01,1.799000000000000057e+02,1.522265987115608610e+01,1.804530143737792969e+01,4.600343704223632812e+00
5.610000000000000142e+01,4.139201034342185181e+01,1.799000000000000057e+02,1.312256770901936420e+01,2.011866569519042969e+01,3.514888286590576172e+00
5.600000000000000000e+01,3.963884402577865274e+01,1.799000000000000057e+02,1.389625058361531984e+01,2.211719512939453125e+01,3.053140640258789062e+00
5.610000000000000142e+01,4.075077527026391522e+01,1.799000000000000057e+02,1.352632690921737257e+01,2.436406135559082031e+01,3.016061782836914062e+00
5.610000000000000142e+01,3.810653870303304558e+01,1.799000000000000057e+02,1.492283303927723992e+01,2.416396141052246094e+01,2.358436584472656250e+00
5.579999999999999716e+01,3.947704819969662537e+01,1.799000000000000057e+02,1.312180888254234290e+01,2.709421157836914062e+01,2.071585655212402344e+00
5.600000000000000000e+01,4.065551821459056470e+01,1.799000000000000057e+02,1.232159879077600984e+01,2.858437538146972656e+01,1.178088188171386719e+00
5.589999999999999858e+01,4.012880350807442653e+01,1.799000000000000057e+02,1.348130265145990592e+01,2.629556655883789062e+01,9.168744087219238281e-01
5.579999999999999716e+01,4.084613147628082430e+01,1.799000000000000057e+02,1.215826857857268806e+01,2.423529624938964844e+01,1.787328720092773438e+00
5.560000000000000142e+01,4.137205710864761699e+01,1.799000000000000057e+02,1.146123966497058611e+01,2.620964050292968750e+01,1.535665988922119141e+00
5.579999999999999716e+01,4.300693983487399663e+01,1.799000000000000057e+02,1.109038172127081445e+01,2.513984680175781250e+01,1.919617652893066406e+00
5.550000000000000000e+01,4.417696981343105023e+01,1.799000000000000057e+02,9.106294472378079874e+00,2.321961402893066406e+01,1.776704788208007812e+00
5.529999999999999716e+01,4.269948813429347467e+01,1.799000000000000057e+02,9.147435182359103578e+00,2.147368431091308594e+01,1.612820625305175781e+00
4.100000000000000000e+01,1.491563294540821971e+01,1.799000000000000057e+02,9.017198701601582655e+00,5.353193283081054688e+00,1.021204471588134766e+01
4.100000000000000000e+01,1.604153282249850321e+01,1.799000000000000057e+02,7.403896219750324192e+00,5.253467559814453125e+00,1.042971372604370117e+01
4.120000000000000284e+01,1.345595029098054596e+01,1.799000000000000057e+02,9.166902388591207540e+00,3.917255401611328125e+00,1.002162456512451172e+01
4.100000000000000000e+01,1.135531570656557854e+01,1.799000000000000057e+02,7.918935414043755117e+00,4.320859909057617188e+00,9.470992088317871094e+00
4.100000000000000000e+01,1.210499347942017145e+01,1.799000000000000057e+02,7.274266543210618607e+00,1.892395019531250000e+00,9.951753616333007812e+00
4.100000000000000000e+01,1.209575452135285545e+01,1.799000000000000057e+02,8.278508591807113959e+00,1.529741287231445312e+00,1.064420700073242188e+01
4.120000000000000284e+01,1.369017327315621380e+01,1.799000000000000057e+02,8.472506897044556951e+00,3.149518966674804688e+00,9.878561496734619141e+00
4.120000000000000284e+01,1.633001577074642086e+01,1.799000000000000057e+02,7.817791699441130504e+00,4.549512863159179688e+00,1.018999338150024414e+01
4.100000000000000000e+01,1.200882325328782407e+01,1.799000000000000057e+02,8.427794015623055301e+00,3.128614425659179688e+00,1.020644187927246094e+01
5.550000000000000000e+01,3.318219841102439460e+01,1.227999999999999972e+02,9.877521962166754932e+00,3.024282455444335938e+01,1.470012187957763672e+01
5.560000000000000142e+01,3.334272787894775547e+01,1.227999999999999972e+02,9.408033522874584165e+00,2.758002281188964844e+01,1.532680749893188477e+01
5.589999999999999858e+01,3.506436681735990391e+01,1.227999999999999972e+02,9.144881587975143944e+00,2.749178886413574219e+01,1.569215297698974609e+01
5.550000000000000000e+01,3.618321953206299924e+01,1.230999999999999943e+02,9.992603602363734794e+00,2.874271392822265625e+01,1.584701776504516602e+01
5.520000000000000284e+01,3.798904614016149139e+01,1.235000000000000000e+02,1.059179550104633805e+01,2.745521545410156250e+01,1.649600505828857422e+01
5.539999999999999858e+01,3.545741904804985012e+01,1.230999999999999943e+02,1.027417767460019959e+01,2.723269462585449219e+01,1.690603375434875488e+01
5.520000000000000284e+01,3.580158226884496742e+01,1.234000000000000057e+02,1.058053204785368528e+01,2.871033668518066406e+01,1.636862516403198242e+01
5.500000000000000000e+01,3.733632424967679952e+01,1.234000000000000057e+02,9.811482980035753698e+00,2.776714324951171875e+01,1.708992481231689453e+01
5.420000000000000284e+01,3.612644270391974288e+01,1.235999999999999943e+02,1.062868450155189315e+01,2.802858352661132812e+01,1.786995291709899902e+01
5.460000000000000142e+01,3.387112302862865931e+01,1.234000000000000057e+02,9.778649736374006807e+00,2.551424980163574219e+01,1.767786026000976562e+01
5.510000000000000142e+01,3.278900868685599335e+01,1.227999999999999972e+02,8.946432232592441025e+00,2.553835868835449219e+01,1.796996474266052246e+01
5.439999999999999858e+01,3.397350515927536208e+01,1.234000000000000057e+02,9.701906861738955001e+00,2.799269676208496094e+01,1.825958013534545898e+01
5.479999999999999716e+01,3.519352685337852904e+01,1.234000000000000057e+02,8.626475567592056137e+00,2.670564651489257812e+01,1.871489763259887695e+01
5.500000000000000000e+01,3.440105640141511856e+01,1.230999999999999943e+02,7.161155856499941130e+00,2.728352546691894531e+01,1.893928170204162598e+01
5.529999999999999716e+01,3.195864396922624451e+01,1.227999999999999972e+02,6.748762858120828767e+00,2.798962593078613281e+01,1.854784011840820312e+01
5.479999999999999716e+01,3.299763872164950129e+01,1.230999999999999943e+02,7.421008437585550510e+00,2.639218330383300781e+01,1.843452692031860352e+01
5.529999999999999716e+01,3.084090147561539297e+01,1.227999999999999972e+02,6.968235910943199940e+00,2.389389038085937500e+01,1.838983297348022461e+01
5.500000000000000000e+01,3.010563331254365238e+01,1.227999999999999972e+02,8.481530647046724880e+00,2.215341567993164062e+01,1.866419553756713867e+01
5.520000000000000284e+01,3.062204628746929913e+01,1.227999999999999972e+02,8.289843729466479516e+00,2.008337020874023438e+01,1.860520839691162109e+01
5.450000000000000000e+01,3.113412688968239905e+01,1.227999999999999972e+02,8.798007206337540964e+00,1.896173477172851562e+01,1.936471223831176758e+01
5.410000000000000142e+01,3.312335581905544046e+01,1.234000000000000057e+02,9.692967867914267899e+00,2.173395156860351562e+01,1.942320108413696289e+01
5.450000000000000000e+01,3.276669588874764116e+01,1.230999999999999943e+02,1.004894972569750067e+01,2.384571075439453125e+01,1.975668668746948242e+01
5.410000000000000142e+01,3.388945896093500920e+01,1.234000000000000057e+02,9.941530434935184957e+00,2.445092201232910156e+01,2.033822536468505859e+01
4.439999999999999858e+01,3.513764411879549954e+01,1.235999999999999943e+02,1.060324032877078260e+01,2.490086555480957031e+01,2.088955879211425781e+01
4.429999999999999716e+01,3.594105758833440234e+01,1.239000000000000057e+02,1.238978685428552318e+01,2.427723884582519531e+01,2.097971200942993164e+01
4.410000000000000142e+01,3.709685612833663271e+01,1.242000000000000028e+02,1.293406188821678349e+01,2.203192710876464844e+01,2.107194423675537109e+01
4.439999999999999858e+01,3.559594814326541723e+01,1.239000000000000057e+02,1.232091192374652167e+01,1.965126991271972656e+01,2.189256668090820312e+01
4.460000000000000142e+01,3.650112690463079446e+01,1.239000000000000057e+02,1.176237554074877956e+01,1.786104202270507812e+01,2.214759826660156250e+01
4.450000000000000000e+01,3.522194798343165445e+01,1.235999999999999943e+02,1.278927106486090715e+01,1.957159996032714844e+01,2.207419633865356445e+01
4.489999999999999858e+01,3.667981346066478210e+01,1.235999999999999943e+02,1.216591407345819498e+01,1.906928062438964844e+01,2.160375118255615234e+01
4.500000000000000000e+01,3.375173361465409272e+01,1.235999999999999943e+02,1.336278014864129737e+01,1.844347000122070312e+01,2.227746963500976562e+01
4.460000000000000142e+01,3.566926473849269996e+01,1.239000000000000057e+02,1.355903373289966396e+01,1.959781646728515625e+01,2.244679927825927734e+01
4.479999999999999716e+01,3.652589827165476066e+01,1.235999999999999943e+02,1.172051048759696101e+01,2.038689613342285156e+01,2.193784952163696289e+01
4.460000000000000142e+01,3.652404199955937969e+01,1.239000000000000057e+02,1.288526260752341734e+01,1.947060585021972656e+01,2.152337312698364258e+01
4.460000000000000142e+01,3.597653863731197532e+01,1.240000000000000000e+02,1.382008435265064072e+01,2.047659873962402344e+01,2.150545358657836914e+01
4.489999999999999858e+01,3.664159126937131816e+01,1.235999999999999943e+02,1.383733575187662979e+01,2.304924964904785156e+01,2.094756603240966797e+01
4.510000000000000142e+01,3.469481175506914639e+01,1.235999999999999943e+02,1.433352836129507324e+01,2.528987884521484375e+01,2.088277578353881836e+01
4.520000000000000284e+01,3.512183908507190466e+01,1.235999999999999943e+02,1.401856541293759761e+01,2.551138877868652344e+01,2.091402769088745117e+01
4.520000000000000284e+01,3.449729221005186730e+01,1.235999999999999943e+02,1.417414264614367703e+01,2.563755989074707031e+01,2.024909496307373047e+01
5.410000000000000142e+01,3.374346052470410484e+01,1.234000000000000057e+02,1.410787774249978099e+01,2.410538673400878906e+01,2.064916849136352539e+01
5.389999999999999858e+01,3.083448772398480742e+01,1.230999999999999943e+02,1.552954851471152686e+01,2.473019599914550781e+01,2.090681791305541992e+01
5.400000000000000000e+01,3.318050938489322021e+01,1.234000000000000057e+02,1.580528950794656495e+01,2.270107269287109375e+01,2.185717582702636719e+01
4.510000000000000142e+01,3.618166575115841255e+01,1.239000000000000057e+02,1.615884823380953250e+01,2.067049026489257812e+01,2.210510492324829102e+01
5.410000000000000142e+01,3.804461150806560710e+01,1.239000000000000057e+02,1.498066209390424852e+01,1.904238700866699219e+01,2.196800470352172852e+01
4.500000000000000000e+01,3.764158536534034738e+01,1.239000000000000057e+02,1.525150350903676966e+01,2.040668487548828125e+01,2.156767845153808594e+01
4.470000000000000284e+01,4.038169873319701253e+01,1.242000000000000028e+02,1.512061861592586531e+01,2.171435356140136719e+01,2.133833885192871094e+01
5.400000000000000000e+01,3.955262777682355591e+01,1.240000000000000000e+02,1.463976515834412950e+01,2.073884010314941406e+01,2.153219223022460938e+01
5.410000000000000142e+01,3.751502321706119858e+01,1.235999999999999943e+02,1.496110185939031112e+01,2.243185043334960938e+01,2.115066051483154297e+01
4.489999999999999858e+01,4.045746101392673211e+01,1.242000000000000028e+02,1.530549823338029114e+01,2.404917716979980469e+01,2.095972776412963867e+01
4.439999999999999858e+01,4.202886491400282409e+01,1.766999999999999886e+02,1.582968779835333351e+01,2.240055084228515625e+01,2.092405796051025391e+01
4.429999999999999716e+01,3.908228416591039434e+01,1.774000000000000057e+02,1.709632969950060399e+01,2.198013305664062500e+01,2.132416009902954102e+01
4.170000000000000284e+01,1.464706054955559367e+01,1.225000000000000000e+02,1.037064853405741438e+01,2.733618736267089844e+01,9.281804561614990234e+00
4.170000000000000284e+01,1.653794267900567405e+01,1.795999999999999943e+02,1.075349082150747826e+01,2.689990043640136719e+01,8.488359451293945312e+00
4.229999999999999716e+01,9.076466003841815677e+00,1.220999999999999943e+02,1.853762015535733099e+01,1.228446960449218750e+00,9.789376258850097656e+00
4.200000000000000000e+01,7.094206446729092619e+00,1.224000000000000057e+02,1.888757565729149235e+01,3.220424652099609375e+00,1.031991004943847656e+01
5.710000000000000142e+01,4.089949899762024899e+01,1.227999999999999972e+02,4.626116874721256877e+00,3.568263053894042969e+01,1.646857738494873047e+01
5.739999999999999858e+01,3.960190652204698125e+01,1.227999999999999972e+02,3.183895442834073108e+00,3.523926734924316406e+01,1.697766184806823730e+01
5.739999999999999858e+01,3.857727291440041029e+01,1.225999999999999943e+02,4.611815454504900380e+00,3.551887512207031250e+01,1.691045045852661133e+01
5.789999999999999858e+01,3.866693912454463344e+01,1.225000000000000000e+02,3.719855937549726654e+00,3.463313102722167969e+01,1.647878408432006836e+01
5.789999999999999858e+01,3.951165460955424891e+01,1.225000000000000000e+02,2.326757371785263651e+00,3.542119026184082031e+01,1.583069801330566406e+01
5.789999999999999858e+01,3.936337375783332959e+01,1.225000000000000000e+02,1.515804487620377117e+00,3.487576484680175781e+01,1.522332668304443359e+01
5.789999999999999858e+01,4.191098712396937742e+01,1.227000000000000028e+02,2.710192210768554988e-01,3.467376708984375000e+01,1.442991256713867188e+01
5.829999999999999716e+01,4.099454739755883281e+01,1.200000000000000000e+02,7.615742043328460609e-03,3.467644691467285156e+01,1.480651617050170898e+01
5.860000000000000142e+01,4.144076169864072767e+01,1.200000000000000000e+02,4.316691542984297386e-03,3.268488883972167969e+01,1.481150388717651367e+01
5.810000000000000142e+01,4.418624928545322916e+01,1.202999999999999972e+02,1.354462013298897427e-02,3.247357368469238281e+01,1.452009201049804688e+01
5.760000000000000142e+01,4.413481108816198883e+01,1.230000000000000000e+02,2.758845312827390983e-01,3.358835220336914062e+01,1.456946849822998047e+01
5.760000000000000142e+01,4.368376846360323640e+01,1.230000000000000000e+02,9.002280355502546849e-02,3.548353195190429688e+01,1.363193511962890625e+01
5.739999999999999858e+01,4.629488582143764575e+01,1.234000000000000057e+02,5.250438519649529567e-01,3.380988121032714844e+01,1.362568616867065430e+01
5.739999999999999858e+01,4.406630876773075300e+01,1.200999999999999943e+02,1.333186458682058401e-02,3.286315917968750000e+01,1.375612020492553711e+01
5.760000000000000142e+01,4.159332233253990552e+01,1.222000000000000028e+02,6.704595708678513268e-03,3.450444221496582031e+01,1.293454647064208984e+01
5.789999999999999858e+01,4.246890100118926625e+01,1.200000000000000000e+02,6.989852154434783929e-03,3.345364570617675781e+01,1.284178972244262695e+01
5.810000000000000142e+01,4.148881296544708164e+01,1.200000000000000000e+02,3.126754424229064890e-03,3.509284973144531250e+01,1.235420942306518555e+01
5.750000000000000000e+01,4.180726564980343340e+01,1.200000000000000000e+02,6.284070461906461104e-03,3.451226234436035156e+01,1.166400909423828125e+01
5.700000000000000000e+01,4.314610501479513260e+01,1.202999999999999972e+02,8.483113382060423688e-03,3.567625999450683594e+01,1.167365074157714844e+01
5.689999999999999858e+01,4.373313807646331952e+01,1.257000000000000028e+02,3.698724453378095939e-03,3.695298194885253906e+01,1.153025865554809570e+01
5.710000000000000142e+01,4.187676079156691600e+01,1.244000000000000057e+02,1.819157215105431796e-03,3.708577156066894531e+01,1.101448535919189453e+01
5.739999999999999858e+01,4.152360118758778640e+01,1.200000000000000000e+02,4.271727776377748018e-03,3.816179275512695312e+01,1.161070108413696289e+01
5.689999999999999858e+01,4.283469775477516350e+01,1.200000000000000000e+02,5.256319125699140081e-03,3.844076156616210938e+01,1.224100351333618164e+01
5.739999999999999858e+01,4.098236006966612166e+01,1.200000000000000000e+02,3.890474935638627875e-03,3.741264343261718750e+01,1.177696704864501953e+01
5.770000000000000284e+01,3.892311157633148611e+01,1.200000000000000000e+02,4.314475878166770979e-03,3.607666015625000000e+01,1.222494602203369141e+01
5.789999999999999858e+01,3.669391639147644923e+01,1.200000000000000000e+02,1.846375437114646662e-02,3.548291206359863281e+01,1.249784946441650391e+01
5.789999999999999858e+01,3.618414053589943080e+01,1.220999999999999943e+02,6.448326842228431222e-01,3.388753890991210938e+01,1.197022438049316406e+01
5.810000000000000142e+01,3.662506089531090936e+01,1.220999999999999943e+02,7.352711099703175268e-01,3.307595252990722656e+01,1.221656799316406250e+01
5.789999999999999858e+01,3.793176431919851410e+01,1.222999999999999972e+02,1.588716220202600338e-01,3.557194709777832031e+01,1.258886337280273438e+01
5.739999999999999858e+01,3.824722496665786764e+01,1.225000000000000000e+02,7.826275337016447287e-01,3.815587043762207031e+01,1.217845201492309570e+01
5.750000000000000000e+01,3.676698745471306751e+01,1.224000000000000057e+02,1.525954926718869897e+00,3.876652717590332031e+01,1.220017194747924805e+01
5.789999999999999858e+01,3.598178851872379624e+01,1.220999999999999943e+02,1.614207138511572381e+00,3.970607757568359375e+01,1.189227104187011719e+01
5.789999999999999858e+01,3.623410720228251591e+01,1.220999999999999943e+02,2.471803295567077008e+00,4.089583396911621094e+01,1.118656158447265625e+01
5.889999999999999858e+01,3.352441298125923197e+01,1.215999999999999943e+02,1.692925654198082608e+00,4.028571128845214844e+01,1.054928302764892578e+01
5.789999999999999858e+01,3.568476425135253294e+01,1.220000000000000000e+02,2.738158733906045583e+00,4.056866645812988281e+01,1.078180313110351562e+01
5.829999999999999716e+01,3.450359408110573867e+01,1.217999999999999972e+02,3.045643155141871006e+00,3.841093063354492188e+01,1.156795024871826172e+01
5.760000000000000142e+01,3.581637001267595366e+01,1.222000000000000028e+02,3.923747387523221164e+00,3.983919143676757812e+01,1.102057456970214844e+01
5.770000000000000284e+01,3.770832188208628821e+01,1.224000000000000057e+02,2.412609789038203445e+00,4.119873046875000000e+01,1.029638767242431641e+01
5.760000000000000142e+01,4.003952899313019742e+01,1.227999999999999972e+02,1.824971537923174125e+00,4.041851997375488281e+01,1.058754205703735352e+01
5.789999999999999858e+01,3.791119308393788145e+01,1.224000000000000057e+02,8.802502577955590990e-01,3.952164649963378906e+01,1.026486396789550781e+01
5.739999999999999858e+01,3.872522692280188750e+01,1.225000000000000000e+02,9.270305987797257119e-01,4.029507637023925781e+01,1.039937973022460938e+01
5.720000000000000284e+01,3.888357831041854951e+01,1.227000000000000028e+02,5.989292887231947859e-02,4.235701560974121094e+01,9.446392059326171875e+00
5.700000000000000000e+01,3.954628788651179150e+01,1.200000000000000000e+02,4.510069014064675003e-03,4.222945213317871094e+01,9.634354114532470703e+00
5.700000000000000000e+01,4.057605612443587262e+01,1.200000000000000000e+02,6.865062989013849017e-03,4.021631240844726562e+01,9.497234821319580078e+00
5.700000000000000000e+01,4.083356694180965007e+01,1.200000000000000000e+02,6.716885687552645590e-03,3.794016838073730469e+01,9.363591670989990234e+00
5.710000000000000142e+01,4.058436476445400842e+01,1.200000000000000000e+02,6.995489005174617379e-03,3.679192543029785156e+01,9.712328910827636719e+00
5.710000000000000142e+01,4.319447077401284218e+01,1.200000000000000000e+02,6.195230744581630214e-03,3.515351295471191406e+01,9.140439033508300781e+00
5.700000000000000000e+01,4.227214751686841510e+01,1.200000000000000000e+02,4.004781812673446559e-03,3.395054817199707031e+01,9.141185283660888672e+00
5.720000000000000284e+01,4.003591334170940286e+01,1.200000000000000000e+02,8.020132361191662645e-03,3.333212852478027344e+01,1.000980377197265625e+01
5.710000000000000142e+01,4.290025803956319095e+01,1.200000000000000000e+02,5.109051517917387666e-03,3.424822807312011719e+01,1.049328088760375977e+01
5.739999999999999858e+01,4.319406830174327183e+01,1.200000000000000000e+02,6.816639797887933012e-03,3.248736381530761719e+01,1.080537319183349609e+01
5.629999999999999716e+01,2.963520631079021328e+01,1.220999999999999943e+02,1.609645126840149132e+01,2.275950431823730469e+01,4.692485332489013672e+00
5.650000000000000000e+01,2.771175741895352118e+01,1.217999999999999972e+02,1.682635154166005620e+01,2.306939125061035156e+01,4.133415222167968750e+00
5.620000000000000284e+01,2.953593346873340053e+01,1.220999999999999943e+02,1.649199561739158781e+01,2.383372306823730469e+01,4.257698059082031250e+00
5.600000000000000000e+01,2.846361506502652361e+01,1.220000000000000000e+02,1.810326488119338961e+01,2.452180862426757812e+01,4.359180927276611328e+00
5.629999999999999716e+01,2.644134337851765082e+01,1.215000000000000000e+02,1.777726194103193791e+01,2.185658454895019531e+01,4.986467361450195312e+00
5.589999999999999858e+01,2.601941408499391883e+01,1.217999999999999972e+02,1.853540964596843921e+01,1.941143989562988281e+01,6.020405292510986328e+00
5.610000000000000142e+01,2.554802226113342556e+01,1.215000000000000000e+02,1.889730837827350385e+01,2.049815177917480469e+01,5.512163639068603516e+00
5.610000000000000142e+01,2.672789486600134268e+01,1.217000000000000028e+02,1.894524818004227029e+01,2.134367942810058594e+01,5.556383132934570312e+00
5.610000000000000142e+01,2.593595877286210083e+01,1.215000000000000000e+02,1.835107470727879075e+01,2.002583503723144531e+01,5.544633865356445312e+00
5.639999999999999858e+01,2.352734236327467343e+01,1.210000000000000000e+02,1.804612897738194732e+01,2.016762733459472656e+01,6.259937286376953125e+00
5.600000000000000000e+01,2.439695575569874819e+01,1.212999999999999972e+02,1.798484328308759927e+01,2.039821624755859375e+01,7.012195587158203125e+00
5.629999999999999716e+01,2.352716109506329900e+01,1.210999999999999943e+02,1.700068024274803946e+01,1.831688880920410156e+01,7.719590663909912109e+00
5.660000000000000142e+01,2.308704196823690680e+01,1.209000000000000057e+02,1.631145527277241669e+01,1.999653816223144531e+01,7.202887535095214844e+00
5.639999999999999858e+01,2.488068291515119768e+01,1.212999999999999972e+02,1.656558444259263752e+01,1.841012954711914062e+01,7.895119190216064453e+00
5.579999999999999716e+01,2.425110086145935284e+01,1.215000000000000000e+02,1.715640711073941205e+01,1.830607414245605469e+01,7.511050701141357422e+00
5.589999999999999858e+01,2.494183497827021867e+01,1.215000000000000000e+02,1.804460747088843675e+01,1.774656295776367188e+01,7.634389400482177734e+00
4.339999999999999858e+01,2.500391775064312583e+01,1.215000000000000000e+02,1.898170104179659035e+01,1.945810317993164062e+01,7.768602371215820312e+00
4.320000000000000284e+01,2.452548565076653375e+01,1.212999999999999972e+02,2.011716172171082917e+01,2.079312324523925781e+01,6.888689994812011719e+00
5.620000000000000284e+01,2.311665719451376333e+01,1.207999999999999972e+02,2.051133398576678957e+01,1.924540519714355469e+01,7.500960826873779297e+00
4.320000000000000284e+01,2.366541614814101990e+01,1.212000000000000028e+02,2.121631418229708999e+01,1.699981689453125000e+01,7.351164817810058594e+00
4.320000000000000284e+01,2.361591013159636532e+01,1.210999999999999943e+02,2.255535370251539362e+01,1.634720802307128906e+01,8.171443939208984375e+00
5.610000000000000142e+01,2.387145542985133062e+01,1.210000000000000000e+02,2.157837807325380552e+01,1.669944763183593750e+01,8.381032943725585938e+00
5.629999999999999716e+01,2.378043554913871205e+01,1.207999999999999972e+02,2.191440374284397308e+01,1.500777244567871094e+01,8.170413970947265625e+00
5.650000000000000000e+01,2.184877438456391374e+01,1.202999999999999972e+02,2.151887953979750279e+01,1.462440490722656250e+01,8.306407928466796875e+00
5.629999999999999716e+01,2.470313726691758660e+01,1.209000000000000057e+02,2.221769253045438930e+01,1.524777412414550781e+01,7.677617073059082031e+00
5.579999999999999716e+01,2.533024255038358064e+01,1.212999999999999972e+02,2.297593174384931558e+01,1.436889648437500000e+01,7.755880355834960938e+00
4.320000000000000284e+01,2.259679605124627955e+01,1.207999999999999972e+02,2.387546186763082190e+01,1.348605155944824219e+01,8.702337741851806641e+00
4.279999999999999716e+01,2.323965104526385161e+01,1.799000000000000057e+02,2.291910267330205286e+01,1.482838630676269531e+01,7.790737152099609375e+00
4.320000000000000284e+01,2.468917049543409092e+01,1.799000000000000057e+02,2.325147347704412937e+01,1.642781257629394531e+01,7.052652835845947266e+00
5.639999999999999858e+01,2.510326524170544715e+01,1.209000000000000057e+02,2.356834833734339441e+01,1.718708992004394531e+01,6.168596744537353516e+00
5.700000000000000000e+01,2.279957146850005145e+01,1.202000000000000028e+02,2.206907547534212455e+01,1.478503227233886719e+01,6.571187973022460938e+00
5.700000000000000000e+01,2.228989488177563061e+01,1.200999999999999943e+02,2.177957320690971343e+01,1.246205329895019531e+01,6.981608867645263672e+00
5.710000000000000142e+01,2.344233025497354816e+01,1.202999999999999972e+02,2.156187688005609360e+01,1.452416419982910156e+01,5.969898700714111328e+00
5.789999999999999858e+01,2.029432547194326730e+01,1.194000000000000057e+02,2.052152529018299987e+01,1.655608177185058594e+01,6.073210239410400391e+00
5.789999999999999858e+01,2.082456403016118784e+01,1.195999999999999943e+02,2.029208391930036015e+01,1.821443557739257812e+01,5.740761756896972656e+00
5.810000000000000142e+01,2.245683633950054769e+01,1.199000000000000057e+02,1.913288294662316247e+01,1.603642463684082031e+01,6.304578781127929688e+00
5.789999999999999858e+01,2.127986503520031647e+01,1.197999999999999972e+02,1.967708415005929368e+01,1.833011627197265625e+01,5.318286418914794922e+00
5.829999999999999716e+01,1.968717324485222164e+01,1.192999999999999972e+02,1.881974812425548649e+01,1.597043991088867188e+01,5.039746761322021484e+00
5.939999999999999858e+01,1.883847254194466814e+01,1.187000000000000028e+02,1.848631845857988054e+01,1.404447555541992188e+01,5.958833694458007812e+00
5.889999999999999858e+01,1.752869087347987431e+01,1.184000000000000057e+02,1.869516697007679795e+01,1.495958328247070312e+01,5.375518798828125000e+00
5.939999999999999858e+01,1.782725527484876338e+01,1.184000000000000057e+02,1.798843545029077262e+01,1.588662147521972656e+01,4.450197219848632812e+00
5.970000000000000284e+01,1.835022464131090913e+01,9.509999999999999432e+01,1.895320578476301066e+01,1.534935951232910156e+01,3.975310325622558594e+00
5.920000000000000284e+01,1.841535185864281488e+01,9.409999999999999432e+01,1.998389810212935203e+01,1.323011398315429688e+01,4.340486526489257812e+00
6.029999999999999716e+01,1.897366259756708828e+01,9.509999999999999432e+01,1.901110897878591643e+01,1.158758163452148438e+01,4.032218456268310547e+00
5.989999999999999858e+01,1.838564503662545135e+01,9.429999999999999716e+01,1.901417249211476701e+01,1.164523124694824219e+01,4.571592807769775391e+00
5.970000000000000284e+01,1.991682963254222472e+01,1.185999999999999943e+02,1.958486915803228001e+01,1.137902259826660156e+01,4.657094478607177734e+00
5.939999999999999858e+01,2.089180628006527840e+01,1.190000000000000000e+02,1.905294754765739640e+01,9.686431884765625000e+00,4.524681568145751953e+00
5.939999999999999858e+01,2.124669587956303474e+01,1.192999999999999972e+02,1.777793738410694502e+01,1.187973022460937500e+01,3.745796680450439453e+00
5.970000000000000284e+01,1.929902162818754618e+01,1.187000000000000028e+02,1.776821261043398792e+01,9.481296539306640625e+00,4.166188240051269531e+00
5.939999999999999858e+01,2.158690905115595271e+01,1.192999999999999972e+02,1.798257289524396185e+01,1.130340576171875000e+01,3.312473297119140625e+00
5.939999999999999858e+01,2.332665333697994114e+01,1.195000000000000000e+02,1.820642878743209891e+01,9.902153015136718750e+00,2.833552360534667969e+00
6.150000000000000000e+01,3.476139832725105805e+01,1.210999999999999943e+02,8.556509918133891057e-01,1.914414405822753906e+01,7.055547237396240234e+00
6.089999999999999858e+01,3.609397545197630564e+01,1.212999999999999972e+02,7.861060859392650091e-01,1.731764793395996094e+01,7.403197288513183594e+00
6.010000000000000142e+01,3.759574381445867175e+01,1.215000000000000000e+02,7.454627880793560646e-01,1.626743316650390625e+01,7.795684337615966797e+00
6.050000000000000000e+01,3.622522636064667267e+01,1.205000000000000000e+02,5.809585041181979624e-03,1.441168785095214844e+01,7.519578933715820312e+00
6.050000000000000000e+01,3.467628896038337416e+01,1.212000000000000028e+02,1.399054282663702242e+00,1.422972679138183594e+01,8.131966590881347656e+00
6.010000000000000142e+01,3.430966941957882455e+01,1.212999999999999972e+02,1.864516033022015629e+00,1.453383445739746094e+01,8.007800579071044922e+00
6.010000000000000142e+01,3.359202751726036951e+01,1.212000000000000028e+02,1.103740414876412723e+00,1.614383697509765625e+01,7.919156551361083984e+00
5.970000000000000284e+01,3.410391190088699886e+01,1.215000000000000000e+02,1.893468131638182950e+00,1.424789428710937500e+01,8.570060729980468750e+00
6.010000000000000142e+01,3.443810636418677973e+01,1.212999999999999972e+02,1.599560504301305031e+00,1.623338699340820312e+01,7.898566722869873047e+00
5.939999999999999858e+01,3.639695336190563779e+01,1.215999999999999943e+02,1.650699594237566847e+00,1.460169792175292969e+01,8.465497493743896484e+00
6.029999999999999716e+01,3.532118579468174602e+01,1.214000000000000057e+02,4.135559500021760426e-01,1.387856483459472656e+01,8.518629074096679688e+00
5.950000000000000000e+01,3.816255015250582261e+01,1.217999999999999972e+02,1.209710420344004334e+00,1.385077476501464844e+01,7.837367057800292969e+00
5.939999999999999858e+01,3.746179521862698181e+01,1.217999999999999972e+02,8.271073874921088809e-01,1.447094917297363281e+01,7.407896518707275391e+00
5.939999999999999858e+01,3.850802613452717793e+01,1.219000000000000057e+02,1.086271146642833751e-01,1.628041267395019531e+01,6.476459503173828125e+00
6.010000000000000142e+01,3.580148189576090800e+01,1.215000000000000000e+02,1.255778503047762784e-01,1.404475212097167969e+01,7.293355464935302734e+00
5.989999999999999858e+01,3.675850446310540320e+01,1.237000000000000028e+02,3.100973646980925355e-03,1.391120910644531250e+01,7.335064411163330078e+00
5.970000000000000284e+01,3.536637936341598021e+01,1.222999999999999972e+02,3.253951574987284066e-03,1.353038787841796875e+01,7.835907936096191406e+00
5.889999999999999858e+01,3.845637418624782811e+01,1.220000000000000000e+02,9.255548601146358356e-01,1.449083328247070312e+01,7.089953422546386719e+00
5.860000000000000142e+01,3.980123511545460957e+01,1.222000000000000028e+02,5.494393862349640223e-01,1.353359222412109375e+01,6.599354743957519531e+00
5.829999999999999716e+01,3.953091985157077204e+01,1.224000000000000057e+02,1.049927772032372086e+00,1.591402053833007812e+01,5.978736877441406250e+00
5.860000000000000142e+01,3.958487715344966063e+01,1.222000000000000028e+02,6.101409306367404639e-01,1.486112594604492188e+01,6.014530658721923828e+00
5.789999999999999858e+01,4.097435469769212801e+01,1.225000000000000000e+02,1.117758140443716686e+00,1.261034965515136719e+01,5.871152877807617188e+00
5.829999999999999716e+01,4.127769788823255226e+01,1.210999999999999943e+02,7.708659672836255111e-03,1.432424545288085938e+01,5.585951805114746094e+00
5.820000000000000284e+01,3.960052180237644137e+01,1.224000000000000057e+02,1.258526498111080194e+00,1.443839073181152344e+01,5.261378288269042969e+00
5.810000000000000142e+01,4.185623894569378933e+01,1.225999999999999943e+02,5.997243416104875990e-01,1.539710044860839844e+01,5.141496658325195312e+00
5.770000000000000284e+01,4.359004878717145459e+01,1.227999999999999972e+02,6.101055699492875517e-01,1.632371902465820312e+01,4.935045242309570312e+00
5.829999999999999716e+01,4.188986000882960070e+01,1.230000000000000000e+02,2.598628047767463558e-03,1.833526611328125000e+01,3.987374305725097656e+00
5.860000000000000142e+01,4.120778461325823372e+01,1.224000000000000057e+02,4.026961024040242587e-01,2.044672012329101562e+01,2.923345565795898438e+00
5.860000000000000142e+01,3.972458337787304572e+01,1.222000000000000028e+02,9.045601035023900227e-01,1.768890380859375000e+01,3.340582847595214844e+00
5.889999999999999858e+01,4.027772289526743066e+01,1.222000000000000028e+02,5.024464436951728841e-01,1.821266174316406250e+01,3.705394268035888672e+00
5.950000000000000000e+01,3.827329121426481606e+01,1.219000000000000057e+02,1.444451697122404732e-01,1.700564384460449219e+01,4.483351707458496094e+00
5.939999999999999858e+01,3.929208227310980561e+01,1.219000000000000057e+02,3.233056760218339654e-01,1.585961341857910156e+01,3.791189193725585938e+00
5.970000000000000284e+01,3.859035127259161158e+01,1.217999999999999972e+02,2.360984430219982833e-01,1.628911972045898438e+01,3.012182712554931641e+00
5.910000000000000142e+01,3.986544838529908930e+01,1.220999999999999943e+02,1.179741594498707524e+00,1.590645790100097656e+01,3.377544879913330078e+00
5.939999999999999858e+01,4.077712760404288872e+01,1.220000000000000000e+02,1.150611928219295310e-01,1.592496871948242188e+01,2.685651779174804688e+00
5.970000000000000284e+01,4.082116539420852774e+01,1.200000000000000000e+02,4.716151099134762922e-03,1.661594390869140625e+01,3.249585628509521484e+00
5.900000000000000000e+01,4.119632235204229431e+01,1.250999999999999943e+02,4.608724291007567676e-03,1.430540084838867188e+01,3.667922019958496094e+00
5.860000000000000142e+01,4.186981345878213290e+01,1.200000000000000000e+02,6.268527846933385703e-03,1.524782180786132812e+01,4.018929004669189453e+00
5.860000000000000142e+01,3.960110385844900804e+01,1.222999999999999972e+02,4.512213166836536171e-01,1.420406341552734375e+01,4.850554466247558594e+00
5.889999999999999858e+01,3.715294237873472838e+01,1.200000000000000000e+02,4.075096965264974995e-03,1.170505523681640625e+01,5.600194931030273438e+00
5.920000000000000284e+01,3.610700584020695914e+01,1.200000000000000000e+02,3.027834250984711394e-03,1.358687400817871094e+01,4.621248245239257812e+00
5.950000000000000000e+01,3.388573455105128573e+01,1.200000000000000000e+02,4.619265770942708113e-03,1.260951995849609375e+01,4.167661666870117188e+00
6.029999999999999716e+01,3.406104224014723059e+01,1.200000000000000000e+02,4.921149521765557505e-03,1.061462402343750000e+01,4.983725547790527344e+00
6.150000000000000000e+01,3.200621192432365092e+01,1.200000000000000000e+02,3.714434659726485212e-03,8.679218292236328125e+00,4.822797775268554688e+00
6.089999999999999858e+01,3.189784931598981998e+01,1.200000000000000000e+02,3.729528954965294959e-03,7.696084976196289062e+00,5.623126029968261719e+00
6.029999999999999716e+01,3.272417252207794292e+01,1.200000000000000000e+02,6.993582877051665592e-03,1.001057624816894531e+01,5.826921463012695312e+00
5.970000000000000284e+01,3.286337496224775379e+01,1.200000000000000000e+02,3.901967985340558387e-03,7.721147537231445312e+00,6.671535968780517578e+00
5.939999999999999858e+01,3.164313105767428524e+01,1.200000000000000000e+02,5.910666755983043710e-03,9.695367813110351562e+00,6.149957180023193359e+00
5.989999999999999858e+01,3.230515860915137694e+01,1.200000000000000000e+02,3.664192461166643211e-03,1.025519371032714844e+01,5.484528541564941406e+00
5.939999999999999858e+01,3.178050624566728288e+01,1.200000000000000000e+02,2.278321584301762175e-03,8.647623062133789062e+00,5.232408046722412109e+00
6.029999999999999716e+01,3.121048820771245147e+01,1.244000000000000057e+02,8.587760869228180157e-04,1.075411796569824219e+01,5.093088150024414062e+00
5.479999999999999716e+01,5.066155223659167461e+01,1.799000000000000057e+02,8.696474173171113264e+00,3.582782745361328125e+01,4.024388790130615234e+00
4.389999999999999858e+01,4.884617484417793776e+01,1.799000000000000057e+02,9.317572795721030587e+00,3.669426918029785156e+01,3.671565055847167969e+00
4.389999999999999858e+01,4.966020029372722178e+01,1.799000000000000057e+02,9.142477623335498293e+00,3.492257118225097656e+01,4.363503456115722656e+00
4.360000000000000142e+01,5.015335552851395562e+01,1.799000000000000057e+02,7.643894370934026128e+00,3.499762535095214844e+01,4.520270824432373047e+00
5.450000000000000000e+01,5.138062846204013567e+01,1.799000000000000057e+02,7.357980712699793813e+00,3.638099670410156250e+01,3.826355934143066406e+00
5.500000000000000000e+01,5.394126846517967522e+01,1.799000000000000057e+02,6.345977690349753786e+00,3.632254600524902344e+01,3.325066566467285156e+00
5.529999999999999716e+01,5.525840924942068000e+01,1.799000000000000057e+02,5.513077195159254984e+00,3.500293731689453125e+01,2.731389999389648438e+00
5.529999999999999716e+01,5.623025295610126051e+01,1.799000000000000057e+02,4.719066199600003841e+00,3.381581306457519531e+01,2.268962860107421875e+00
5.529999999999999716e+01,5.776846687902948929e+01,1.799000000000000057e+02,3.663911694365534100e+00,3.259480476379394531e+01,2.785868644714355469e+00
5.520000000000000284e+01,5.639673883105142238e+01,1.799000000000000057e+02,4.237210559870151272e+00,3.424204826354980469e+01,2.003831863403320312e+00
5.500000000000000000e+01,5.582211794864588228e+01,1.799000000000000057e+02,5.352797276063798293e+00,3.578513145446777344e+01,2.504434585571289062e+00
5.510000000000000142e+01,5.609947821989084815e+01,1.799000000000000057e+02,5.180456444379445635e+00,3.453576087951660156e+01,3.225932121276855469e+00
5.529999999999999716e+01,5.569175337101064827e+01,1.799000000000000057e+02,5.593840971996907996e+00,3.408877372741699219e+01,3.675863742828369141e+00
5.529999999999999716e+01,5.422631744750917449e+01,1.799000000000000057e+02,6.702840742517583550e+00,3.396447181701660156e+01,4.554879665374755859e+00
5.529999999999999716e+01,5.466243839696967655e+01,1.799000000000000057e+02,6.127604588798706509e+00,3.504566192626953125e+01,4.813282489776611328e+00
5.550000000000000000e+01,5.643070485221117139e+01,1.799000000000000057e+02,4.610378762950912090e+00,3.299305915832519531e+01,4.699027538299560547e+00
5.550000000000000000e+01,5.627263133893669078e+01,1.799000000000000057e+02,5.136006997738458146e+00,3.221835136413574219e+01,4.932003021240234375e+00
5.560000000000000142e+01,5.553582986728848425e+01,1.795999999999999943e+02,5.141884511747728759e+00,3.454892158508300781e+01,4.227511882781982422e+00
5.529999999999999716e+01,5.508689887133810714e+01,1.799000000000000057e+02,5.086301365113158113e+00,3.469944953918457031e+01,4.031076431274414062e+00
5.550000000000000000e+01,5.531154891995346645e+01,1.794000000000000057e+02,4.904795352054127200e+00,3.288629531860351562e+01,4.819579124450683594e+00
5.539999999999999858e+01,5.651767175400136978e+01,1.799000000000000057e+02,3.370976821306459481e+00,3.157221794128417969e+01,4.564871788024902344e+00
5.539999999999999858e+01,5.800762993323491656e+01,1.799000000000000057e+02,1.758635758140445926e+00,2.907267570495605469e+01,4.401087760925292969e+00
5.550000000000000000e+01,5.612461271851097422e+01,1.790000000000000000e+02,3.881989313794701246e+00,3.049138069152832031e+01,3.627274036407470703e+00
5.560000000000000142e+01,5.628837058784243652e+01,1.779000000000000057e+02,4.085024824737409688e+00,3.254401206970214844e+01,2.929105758666992188e+00
5.550000000000000000e+01,5.624370785366278369e+01,1.775999999999999943e+02,3.696603767251889661e+00,3.379792213439941406e+01,2.561635971069335938e+00
5.579999999999999716e+01,5.599363611430359811e+01,1.766999999999999886e+02,4.846435374045147348e+00,3.478368759155273438e+01,2.695713043212890625e+00
5.589999999999999858e+01,5.827402021002772869e+01,1.765999999999999943e+02,2.852915339128298644e+00,3.269566535949707031e+01,2.576432228088378906e+00
5.560000000000000142e+01,5.544838171620214951e+01,1.775999999999999943e+02,3.831788637958037036e+00,3.026331901550292969e+01,2.869415283203125000e+00
5.550000000000000000e+01,5.630032429835173957e+01,1.785999999999999943e+02,3.762640948253102913e+00,3.017095565795898438e+01,2.778520584106445312e+00
5.579999999999999716e+01,5.717665123553504714e+01,1.775999999999999943e+02,4.438695175821878891e+00,2.964344978332519531e+01,2.557430267333984375e+00
5.579999999999999716e+01,5.776429132745835915e+01,1.771999999999999886e+02,3.475080371227246001e+00,2.794703483581542969e+01,2.882115840911865234e+00
5.579999999999999716e+01,5.890981421937758711e+01,1.775999999999999943e+02,2.480188634364928202e+00,3.027268409729003906e+01,2.824745178222656250e+00
5.579999999999999716e+01,5.923384222299951318e+01,1.773000000000000114e+02,1.868402918632662502e+00,3.219259262084960938e+01,2.552289962768554688e+00
5.589999999999999858e+01,6.245940846044668149e+01,1.760999999999999943e+02,1.395433892394845263e-03,3.440646171569824219e+01,2.929577827453613281e+00
5.579999999999999716e+01,6.358471275632398090e+01,1.753000000000000114e+02,2.126380104070473356e-03,3.243615150451660156e+01,3.158767223358154297e+00
5.589999999999999858e+01,6.224008223064910794e+01,1.779000000000000057e+02,1.994974992057621799e-01,3.306839942932128906e+01,2.981534004211425781e+00
5.589999999999999858e+01,6.422787281567073592e+01,1.754000000000000057e+02,5.249370239940851640e-03,3.043264389038085938e+01,3.536052703857421875e+00
5.589999999999999858e+01,6.573774447530065856e+01,1.755000000000000000e+02,1.692607958526085379e-03,3.043233871459960938e+01,4.118597507476806641e+00
5.589999999999999858e+01,6.500843709756820488e+01,1.755000000000000000e+02,4.154199048078207994e-03,3.254300117492675781e+01,3.648717403411865234e+00
5.579999999999999716e+01,6.249685147574092525e+01,1.779000000000000057e+02,5.343987061144865880e-01,3.409244537353515625e+01,3.860249519348144531e+00
5.579999999999999716e+01,6.115110178231545035e+01,1.775999999999999943e+02,1.663027777388393913e+00,3.380979537963867188e+01,3.080017566680908203e+00
5.579999999999999716e+01,5.722343473785940660e+01,1.770999999999999943e+02,3.817815094861845004e+00,3.275242805480957031e+01,2.683992385864257812e+00
5.570000000000000284e+01,5.841055379229868549e+01,1.774000000000000057e+02,3.165874123220934866e+00,3.224954605102539062e+01,2.620606422424316406e+00
5.579999999999999716e+01,5.987180576476937688e+01,1.765999999999999943e+02,2.736624335073271741e+00,3.126312255859375000e+01,2.473845481872558594e+00
5.589999999999999858e+01,5.865010261799768898e+01,1.759000000000000057e+02,2.710003976500423128e+00,3.302618980407714844e+01,1.683330535888671875e+00
5.589999999999999858e+01,6.089601100970351411e+01,1.760000000000000000e+02,1.000899773406225712e+00,3.120673179626464844e+01,1.477608680725097656e+00
5.589999999999999858e+01,6.398251588977669257e+01,1.755000000000000000e+02,5.987478320943702241e-03,3.233979225158691406e+01,7.074642181396484375e-01
5.589999999999999858e+01,6.223635753575062779e+01,1.795999999999999943e+02,7.471061748094948813e-04,3.010172843933105469e+01,6.256270408630371094e-01
5.589999999999999858e+01,6.143673019858162121e+01,1.755000000000000000e+02,3.070514866949595762e-03,3.103929519653320312e+01,9.006905555725097656e-01
5.589999999999999858e+01,6.303034056820450814e+01,1.759000000000000057e+02,1.782352443215314778e-03,2.863895416259765625e+01,7.418012619018554688e-01
5.589999999999999858e+01,6.083959648211548199e+01,1.709000000000000057e+02,8.511760642081346150e-04,2.719147682189941406e+01,1.790623664855957031e+00
6.029999999999999716e+01,2.092652138951696017e+01,1.197999999999999972e+02,5.887066657119674140e+00,1.056163787841796875e+01,1.750492811203002930e+01
6.089999999999999858e+01,2.249708571339252217e+01,1.200000000000000000e+02,4.713806756479296034e+00,1.122048377990722656e+01,1.748061418533325195e+01
6.110000000000000142e+01,2.255298055071453334e+01,1.200000000000000000e+02,3.206743456245902735e+00,1.037878990173339844e+01,1.784930348396301270e+01
6.089999999999999858e+01,2.393054602834853029e+01,1.202000000000000028e+02,2.664239411230655552e+00,1.121102333068847656e+01,1.836559176445007324e+01
6.050000000000000000e+01,2.146291828841858518e+01,1.200000000000000000e+02,3.638170442153378481e+00,1.027930259704589844e+01,1.896290898323059082e+01
6.089999999999999858e+01,2.081375521497378500e+01,1.197999999999999972e+02,3.987670249546297452e+00,1.209550857543945312e+01,1.940171003341674805e+01
6.150000000000000000e+01,1.779503422068466634e+01,1.192999999999999972e+02,4.184923333785883770e+00,1.277774810791015625e+01,1.979213953018188477e+01
6.150000000000000000e+01,1.683702452251330328e+01,1.190999999999999943e+02,5.001398814410609184e+00,1.454934120178222656e+01,1.983507394790649414e+01
6.150000000000000000e+01,1.761485301074764109e+01,1.192000000000000028e+02,5.462485815979004400e+00,1.606824874877929688e+01,1.884766817092895508e+01
6.229999999999999716e+01,1.821187074653206750e+01,1.192000000000000028e+02,3.984785986739773023e+00,1.556282997131347656e+01,1.890830039978027344e+01
6.229999999999999716e+01,1.709745287259324442e+01,1.190000000000000000e+02,4.809896475973558516e+00,1.593588829040527344e+01,1.957177758216857910e+01
6.150000000000000000e+01,1.705979909217748869e+01,1.190999999999999943e+02,5.412870233078280080e+00,1.707663536071777344e+01,1.886083364486694336e+01
6.260000000000000142e+01,1.466915639334130361e+01,1.185999999999999943e+02,4.495353251712670861e+00,1.536710739135742188e+01,1.893218517303466797e+01
6.490000000000000568e+01,1.350162011121295080e+01,1.180999999999999943e+02,3.684156800259680953e+00,1.688479423522949219e+01,1.919704079627990723e+01
6.540000000000000568e+01,1.600495740081025176e+01,1.184000000000000057e+02,3.036226642191729219e+00,1.934278488159179688e+01,1.881416440010070801e+01
6.470000000000000284e+01,1.641121736316729951e+01,1.187000000000000028e+02,1.939841465613386662e+00,2.064269065856933594e+01,1.870481729507446289e+01
6.329999999999999716e+01,1.581255620398897399e+01,1.187000000000000028e+02,2.323164248714427504e+00,2.165513038635253906e+01,1.836716890335083008e+01
6.329999999999999716e+01,1.615664355604108238e+01,1.190000000000000000e+02,4.244793427264803576e-01,1.874535560607910156e+01,1.839570999145507812e+01
6.329999999999999716e+01,1.382915713100580390e+01,1.187000000000000028e+02,2.695430315704012703e-01,2.031403541564941406e+01,1.902065992355346680e+01
6.150000000000000000e+01,1.440131519585172093e+01,1.190999999999999943e+02,1.020174099248306820e+00,2.094754219055175781e+01,1.890232563018798828e+01
6.150000000000000000e+01,1.541204125181781492e+01,1.192000000000000028e+02,2.171096177127060933e-01,2.236011505126953125e+01,1.848864078521728516e+01
6.089999999999999858e+01,1.586541943963983670e+01,1.194000000000000057e+02,2.571068446689143139e-01,2.148954391479492188e+01,1.796186685562133789e+01
6.150000000000000000e+01,1.696263440291274094e+01,1.185999999999999943e+02,3.837676800840438603e-03,1.920481681823730469e+01,1.886953949928283691e+01
6.089999999999999858e+01,1.723353786001954902e+01,1.192999999999999972e+02,2.571170749320853856e-03,1.759222030639648438e+01,1.882540225982666016e+01
5.970000000000000284e+01,1.808778448321018573e+01,1.200000000000000000e+02,2.122771109821730007e-01,1.954883575439453125e+01,1.931236267089843750e+01
5.900000000000000000e+01,1.790231098751960204e+01,1.200999999999999943e+02,8.650623561849584142e-01,1.903873443603515625e+01,1.982725620269775391e+01
5.829999999999999716e+01,2.125389430285455106e+01,1.207000000000000028e+02,1.738445919741686607e+00,2.057051658630371094e+01,1.987407445907592773e+01
5.739999999999999858e+01,2.173744053373143714e+01,1.210000000000000000e+02,2.660052334250424089e+00,2.134711265563964844e+01,1.955673456192016602e+01
5.720000000000000284e+01,1.958654920212633854e+01,1.207999999999999972e+02,3.612200776926575596e+00,1.951582908630371094e+01,1.914869308471679688e+01
5.710000000000000142e+01,2.125746502864570431e+01,1.210000000000000000e+02,2.770446784345386604e+00,1.903545379638671875e+01,1.971696138381958008e+01
5.679999999999999716e+01,2.135146928610128469e+01,1.210999999999999943e+02,2.333238715133827856e+00,1.673969268798828125e+01,2.080989837646484375e+01
5.739999999999999858e+01,2.310803165612195897e+01,1.212000000000000028e+02,1.404471405283675978e+00,1.523192405700683594e+01,2.122435331344604492e+01
5.789999999999999858e+01,2.085447151562750889e+01,1.200000000000000000e+02,4.169583071176177075e-03,1.627044677734375000e+01,2.138171672821044922e+01
5.739999999999999858e+01,2.091941906224888470e+01,1.210000000000000000e+02,1.498450168422103546e-01,1.376268386840820312e+01,2.227355480194091797e+01
5.710000000000000142e+01,2.034751272103627073e+01,1.210000000000000000e+02,6.230808838158266028e-01,1.128205299377441406e+01,2.280493259429931641e+01
5.739999999999999858e+01,1.928967678939674713e+01,1.207999999999999972e+02,1.773520284609321485e-01,1.340593338012695312e+01,2.236942291259765625e+01
5.739999999999999858e+01,1.994849527570754688e+01,1.209000000000000057e+02,9.347401271187805172e-01,1.376650810241699219e+01,2.209780454635620117e+01
5.739999999999999858e+01,1.965099319084032814e+01,1.207999999999999972e+02,1.850398288167070859e+00,1.371067047119140625e+01,2.265400171279907227e+01
5.789999999999999858e+01,2.032872258296400503e+01,1.207000000000000028e+02,9.491431357983971528e-01,1.323330879211425781e+01,2.347143650054931641e+01
5.739999999999999858e+01,2.166844889030377175e+01,1.210000000000000000e+02,1.494649903247552647e+00,1.569544792175292969e+01,2.386593341827392578e+01
5.750000000000000000e+01,2.270477898699394359e+01,1.210999999999999943e+02,1.089854891325109099e-01,1.660929679870605469e+01,2.346178770065307617e+01
5.750000000000000000e+01,2.248816758926853510e+01,1.200000000000000000e+02,5.702612517236714529e-03,1.797540664672851562e+01,2.267305374145507812e+01
5.789999999999999858e+01,2.184143538119024086e+01,1.200000000000000000e+02,5.152579575412406104e-03,2.027001380920410156e+01,2.228399753570556641e+01
5.889999999999999858e+01,2.069649790937101130e+01,1.229000000000000057e+02,5.037698777131650874e-03,1.819616317749023438e+01,2.181363821029663086e+01
5.529999999999999716e+01,3.332182889753211441e+01,1.799000000000000057e+02,2.588496098112825550e+01,4.843652725219726562e+01,8.465425968170166016e+00
5.529999999999999716e+01,3.479022130700068516e+01,1.799000000000000057e+02,2.549697868307423221e+01,4.619994163513183594e+01,8.615319728851318359e+00
5.550000000000000000e+01,3.393623737059352408e+01,1.799000000000000057e+02,2.668524580427691362e+01,4.601952552795410156e+01,9.039895534515380859e+00
5.529999999999999716e+01,3.208969986885166747e+01,1.799000000000000057e+02,2.808591726837204305e+01,4.493052482604980469e+01,9.824051856994628906e+00
5.560000000000000142e+01,3.364669381796802838e+01,1.799000000000000057e+02,2.766227345839116936e+01,4.548722267150878906e+01,9.388015270233154297e+00
5.550000000000000000e+01,3.371351897139032872e+01,1.799000000000000057e+02,2.796373327133722242e+01,4.309534072875976562e+01,1.048704147338867188e+01
5.479999999999999716e+01,3.371380264007788696e+01,1.799000000000000057e+02,2.670683307450086375e+01,4.023365974426269531e+01,1.123223304748535156e+01
5.479999999999999716e+01,3.580072350602070941e+01,1.799000000000000057e+02,2.559481557356905768e+01,4.192595481872558594e+01,1.107754230499267578e+01
5.529999999999999716e+01,3.509423659663604411e+01,1.799000000000000057e+02,2.722997995401268412e+01,4.191192626953125000e+01,1.071001768112182617e+01
5.529999999999999716e+01,3.760521396791502724e+01,1.799000000000000057e+02,2.615625380287132629e+01,4.396381378173828125e+01,9.701089859008789062e+00
5.560000000000000142e+01,3.576367199130556429e+01,1.799000000000000057e+02,2.810558801429726472e+01,4.417855262756347656e+01,9.276361465454101562e+00
5.589999999999999858e+01,3.754577799295748974e+01,1.799000000000000057e+02,2.800683118690056972e+01,4.356136322021484375e+01,9.421656131744384766e+00
5.629999999999999716e+01,3.655297276958694397e+01,1.799000000000000057e+02,2.988810629400818186e+01,4.148516654968261719e+01,1.006461143493652344e+01
5.639999999999999858e+01,3.715580147760918095e+01,1.799000000000000057e+02,2.914754221729342021e+01,4.323529243469238281e+01,9.126329421997070312e+00
5.660000000000000142e+01,3.762739823032158881e+01,1.799000000000000057e+02,2.940321068658939652e+01,4.222191810607910156e+01,9.193463325500488281e+00
5.710000000000000142e+01,3.762167259931703711e+01,1.799000000000000057e+02,3.058240991250097096e+01,4.319748878479003906e+01,8.684902191162109375e+00
5.739999999999999858e+01,3.668315759127857945e+01,1.799000000000000057e+02,3.209938342763255292e+01,4.427845001220703125e+01,8.981969356536865234e+00
5.710000000000000142e+01,3.834351525548490969e+01,1.799000000000000057e+02,3.074189771501920276e+01,4.622303962707519531e+01,9.291787147521972656e+00
5.710000000000000142e+01,4.030089067572427552e+01,1.799000000000000057e+02,3.036404910980260752e+01,4.551340103149414062e+01,8.904576301574707031e+00
5.720000000000000284e+01,3.990060842955710996e+01,1.799000000000000057e+02,3.017837189177435420e+01,4.296644210815429688e+01,9.716799259185791016e+00
5.689999999999999858e+01,4.007690753231795355e+01,1.799000000000000057e+02,2.889460991310517102e+01,4.455662727355957031e+01,9.640228748321533203e+00
5.710000000000000142e+01,3.943554772896404614e+01,1.799000000000000057e+02,3.021480504464627614e+01,4.399966239929199219e+01,9.928736686706542969e+00
5.739999999999999858e+01,3.888921424796981796e+01,1.799000000000000057e+02,3.083830185655021339e+01,4.301960945129394531e+01,1.082265853881835938e+01
5.700000000000000000e+01,4.077096082418457001e+01,1.799000000000000057e+02,2.932317956103098666e+01,4.452864646911621094e+01,1.062533140182495117e+01
5.700000000000000000e+01,4.122655906376954249e+01,1.799000000000000057e+02,2.982003281095539649e+01,4.454743385314941406e+01,1.058983564376831055e+01
5.679999999999999716e+01,4.059489747631624113e+01,1.799000000000000057e+02,2.898135415090072797e+01,4.396439552307128906e+01,1.064287185668945312e+01
5.700000000000000000e+01,4.109425828237491629e+01,1.799000000000000057e+02,2.898887076427687148e+01,4.159158706665039062e+01,1.166316032409667969e+01
5.679999999999999716e+01,3.998782006136176648e+01,1.799000000000000057e+02,2.898902186923489666e+01,3.922415733337402344e+01,1.284583806991577148e+01
5.689999999999999858e+01,3.974345546749292168e+01,1.799000000000000057e+02,2.987785261661678504e+01,4.108065605163574219e+01,1.269433975219726562e+01
5.689999999999999858e+01,4.029372554865622647e+01,1.799000000000000057e+02,3.027547835650713282e+01,4.133171081542968750e+01,1.325162649154663086e+01
5.720000000000000284e+01,3.876297744879621376e+01,1.799000000000000057e+02,3.135725829531147468e+01,4.164547920227050781e+01,1.396503448486328125e+01
5.689999999999999858e+01,4.070049690422173683e+01,1.799000000000000057e+02,2.905894503053705691e+01,4.326435089111328125e+01,1.361685037612915039e+01
5.739999999999999858e+01,4.001518969902622302e+01,1.799000000000000057e+02,3.004728750048854735e+01,4.190539360046386719e+01,1.311454296112060547e+01
5.739999999999999858e+01,4.082706720433901637e+01,1.799000000000000057e+02,3.007439584047510550e+01,4.263171195983886719e+01,1.313284873962402344e+01
5.760000000000000142e+01,4.022472032464587244e+01,1.799000000000000057e+02,3.148554862828777345e+01,4.255622863769531250e+01,1.339063644409179688e+01
5.760000000000000142e+01,3.963806506813399722e+01,1.793000000000000114e+02,3.217448110116179549e+01,4.062995910644531250e+01,1.334848403930664062e+01
5.760000000000000142e+01,3.985460652351460453e+01,1.799000000000000057e+02,3.199502702319375658e+01,3.968056678771972656e+01,1.296855926513671875e+01
5.789999999999999858e+01,3.979372664757431721e+01,1.793000000000000114e+02,3.251009380465028897e+01,3.998560905456542969e+01,1.344764709472656250e+01
5.760000000000000142e+01,3.998102364060243019e+01,1.794000000000000057e+02,3.235915266012062830e+01,3.791508674621582031e+01,1.452276945114135742e+01
5.810000000000000142e+01,3.738127456588487973e+01,1.789000000000000057e+02,3.435988028161351338e+01,3.648860931396484375e+01,1.500704526901245117e+01
5.760000000000000142e+01,3.898006556278824775e+01,1.790999999999999943e+02,3.290250518445988348e+01,3.658944129943847656e+01,1.556022405624389648e+01
5.829999999999999716e+01,3.716807891101100836e+01,1.205000000000000000e+02,3.350709827399137453e+01,3.411600112915039062e+01,1.530312299728393555e+01
5.889999999999999858e+01,3.612342857929203888e+01,1.199000000000000057e+02,3.273450648158387111e+01,3.649790763854980469e+01,1.436335563659667969e+01
5.939999999999999858e+01,3.589377262956153913e+01,1.195000000000000000e+02,3.243660493306123982e+01,3.796591758728027344e+01,1.412459850311279297e+01
5.920000000000000284e+01,3.464454659047039797e+01,1.190999999999999943e+02,3.315704441544054504e+01,3.887943267822265625e+01,1.460832595825195312e+01
5.920000000000000284e+01,3.503354660514403207e+01,1.190999999999999943e+02,3.366992927473472008e+01,4.114916801452636719e+01,1.433692455291748047e+01
5.939999999999999858e+01,3.542376251435724299e+01,9.870000000000000284e+01,3.358988941051998012e+01,4.359394073486328125e+01,1.430962562561035156e+01
5.970000000000000284e+01,3.532265684293581387e+01,1.190999999999999943e+02,3.222242286737997574e+01,4.522896766662597656e+01,1.471453428268432617e+01
5.939999999999999858e+01,3.627613593811401671e+01,1.192000000000000028e+02,3.296538779884140524e+01,4.691621780395507812e+01,1.477918148040771484e+01
6.010000000000000142e+01,3.621690897313375501e+01,1.187000000000000028e+02,3.217475647367885472e+01,4.468529701232910156e+01,1.488188266754150391e+01
6.089999999999999858e+01,3.621103725849393129e+01,1.187000000000000028e+02,3.180704759939682447e+01,4.474678993225097656e+01,1.434134483337402344e+01
4.100000000000000000e+01,1.967189827811025893e+01,1.799000000000000057e+02,6.528183613768082871e+00,9.919462203979492188e+00,1.255218267440795898e+01
4.120000000000000284e+01,1.734413184718797396e+01,1.799000000000000057e+02,8.138431206808373730e+00,1.237050056457519531e+01,1.268503427505493164e+01
4.100000000000000000e+01,1.954704445634205001e+01,1.799000000000000057e+02,8.141586274088147945e+00,1.016690254211425781e+01,1.260940074920654297e+01
4.100000000000000000e+01,2.031313455487823205e+01,1.799000000000000057e+02,7.671629863296884899e+00,7.843656539916992188e+00,1.348863601684570312e+01
4.120000000000000284e+01,1.861210259991522520e+01,1.799000000000000057e+02,9.509956007113810728e+00,5.749883651733398438e+00,1.306731224060058594e+01
4.100000000000000000e+01,1.791035810892521596e+01,1.799000000000000057e+02,8.793606671948868581e+00,6.160259246826171875e+00,1.250715970993041992e+01
4.100000000000000000e+01,1.788717360872148276e+01,1.799000000000000057e+02,8.592399749281581123e+00,7.970180511474609375e+00,1.166280746459960938e+01
4.100000000000000000e+01,2.010285424080525374e+01,1.799000000000000057e+02,8.133363813045892954e+00,9.571809768676757812e+00,1.180644989013671875e+01
4.120000000000000284e+01,1.931393562040937795e+01,1.799000000000000057e+02,8.659542571127612831e+00,9.839382171630859375e+00,1.240145206451416016e+01
4.120000000000000284e+01,1.988731956510558874e+01,1.799000000000000057e+02,8.956855191122484072e+00,1.034905433654785156e+01,1.306612014770507812e+01
4.120000000000000284e+01,1.948372065541421705e+01,1.799000000000000057e+02,1.027164831191626782e+01,9.975757598876953125e+00,1.371511459350585938e+01
4.120000000000000284e+01,2.110821379092761774e+01,1.799000000000000057e+02,1.121131109144842419e+01,1.118898391723632812e+01,1.389548301696777344e+01
4.100000000000000000e+01,2.222885471363095888e+01,1.799000000000000057e+02,8.957831070785532646e+00,9.445466995239257812e+00,1.406050682067871094e+01
4.120000000000000284e+01,2.132244222224549191e+01,1.799000000000000057e+02,9.923934283515603028e+00,1.153062820434570312e+01,1.439850807189941406e+01
4.120000000000000284e+01,1.816187445536666800e+01,1.799000000000000057e+02,1.120313170478547882e+01,9.368476867675781250e+00,1.543500423431396484e+01
4.120000000000000284e+01,2.048572708266393505e+01,1.799000000000000057e+02,1.203901623154207279e+01,7.650852203369140625e+00,1.591292381286621094e+01
4.120000000000000284e+01,2.281739688582085179e+01,1.799000000000000057e+02,1.017718273816542407e+01,7.227439880371093750e+00,1.648677825927734375e+01
4.100000000000000000e+01,2.354491482225766319e+01,1.799000000000000057e+02,8.837220042576326762e+00,9.576501846313476562e+00,1.688428640365600586e+01
4.100000000000000000e+01,2.262447232523978968e+01,1.799000000000000057e+02,8.955098126156741500e+00,9.039659500122070312e+00,1.761891722679138184e+01
4.100000000000000000e+01,2.198685116646055349e+01,1.799000000000000057e+02,9.454098637724559495e+00,9.839162826538085938e+00,1.748491764068603516e+01
4.100000000000000000e+01,1.986883628856196182e+01,1.799000000000000057e+02,1.027243385609719617e+01,9.541940689086914062e+00,1.706102848052978516e+01
4.100000000000000000e+01,1.770699669543908783e+01,1.799000000000000057e+02,1.179031089226904072e+01,9.744043350219726562e+00,1.780403852462768555e+01
4.100000000000000000e+01,1.964576548152619750e+01,1.799000000000000057e+02,1.068198694098672341e+01,1.203346252441406250e+01,1.709413886070251465e+01
4.079999999999999716e+01,1.897140213911555762e+01,1.799000000000000057e+02,1.177116184547486633e+01,1.046696662902832031e+01,1.796599388122558594e+01
4.100000000000000000e+01,2.026587186461057755e+01,1.799000000000000057e+02,1.169109758172005797e+01,1.071887016296386719e+01,1.814949274063110352e+01
4.100000000000000000e+01,1.954474191530335148e+01,1.799000000000000057e+02,1.149244371493774786e+01,1.013982772827148438e+01,1.776854395866394043e+01
4.079999999999999716e+01,2.055486493914249024e+01,1.799000000000000057e+02,9.590725288560550510e+00,8.415803909301757812e+00,1.747241258621215820e+01
4.079999999999999716e+01,1.544616843172567577e+01,1.799000000000000057e+02,1.076632048211608250e+01,1.024687767028808594e+01,1.682182788848876953e+01
4.079999999999999716e+01,1.647318447282146536e+01,1.799000000000000057e+02,1.012672740093099755e+01,1.063021659851074219e+01,1.703578233718872070e+01
4.079999999999999716e+01,1.851192621346769585e+01,1.799000000000000057e+02,9.447225998118803147e+00,8.174276351928710938e+00,1.774813413619995117e+01
4.079999999999999716e+01,2.009867842648105452e+01,1.799000000000000057e+02,8.637739783669909244e+00,1.000006675720214844e+01,1.685878753662109375e+01
4.060000000000000142e+01,1.958772864705451155e+01,1.799000000000000057e+02,7.246852298746473409e+00,1.184830665588378906e+01,1.705350875854492188e+01
4.060000000000000142e+01,1.985693616463673905e+01,1.799000000000000057e+02,6.290822903279092770e+00,1.089447021484375000e+01,1.764912724494934082e+01
4.260000000000000142e+01,1.292555346517722903e+01,7.500000000000000000e+01,2.761695140444107111e+01,1.066392898559570312e+01,5.956599712371826172e+00
4.260000000000000142e+01,1.509035453165603791e+01,1.799000000000000057e+02,2.779837003455729061e+01,1.093930244445800781e+01,6.337213516235351562e+00
4.260000000000000142e+01,1.427298331973995360e+01,7.500000000000000000e+01,2.902849906800463842e+01,1.149582862854003906e+01,6.437029838562011719e+00
4.279999999999999716e+01,1.438408925873912381e+01,7.500000000000000000e+01,2.805052129000401706e+01,1.394331932067871094e+01,6.558773517608642578e+00
4.320000000000000284e+01,1.540105330585889121e+01,7.500000000000000000e+01,2.846710099021431972e+01,1.512660026550292969e+01,5.987410545349121094e+00
4.389999999999999858e+01,1.639743512841813811e+01,7.500000000000000000e+01,2.786449913099087894e+01,1.502625465393066406e+01,5.374317169189453125e+00
5.389999999999999858e+01,1.654357263610408779e+01,7.500000000000000000e+01,2.689460101162529071e+01,1.475597381591796875e+01,5.560383796691894531e+00
4.360000000000000142e+01,1.425374001063653928e+01,7.500000000000000000e+01,2.517302525018255466e+01,1.655877113342285156e+01,5.839607715606689453e+00
4.360000000000000142e+01,1.463111250322592660e+01,7.500000000000000000e+01,2.635144925708814867e+01,1.532639503479003906e+01,5.315155982971191406e+00
4.360000000000000142e+01,1.383777267438016878e+01,7.500000000000000000e+01,2.532790295131517766e+01,1.567300796508789062e+01,5.318272113800048828e+00
4.320000000000000284e+01,1.269982778140841972e+01,7.500000000000000000e+01,2.495554424695356843e+01,1.396224975585937500e+01,5.952272415161132812e+00
4.360000000000000142e+01,1.345572067354998680e+01,7.500000000000000000e+01,2.476973220010067678e+01,1.647176742553710938e+01,5.324420928955078125e+00
4.360000000000000142e+01,1.405936312410617717e+01,7.500000000000000000e+01,2.551842796295071736e+01,1.779754638671875000e+01,4.887254238128662109e+00
4.320000000000000284e+01,1.426881108496088402e+01,7.500000000000000000e+01,2.653027578955920518e+01,1.942623138427734375e+01,4.120903015136718750e+00
4.320000000000000284e+01,1.546652798586543298e+01,7.500000000000000000e+01,2.767284969118571070e+01,2.131505966186523438e+01,3.232145309448242188e+00
4.320000000000000284e+01,1.666634615160527844e+01,7.500000000000000000e+01,2.923052987423729121e+01,1.974459648132324219e+01,4.064135551452636719e+00
4.260000000000000142e+01,1.672513984786689534e+01,1.799000000000000057e+02,2.998785343972512862e+01,2.171044349670410156e+01,3.622009754180908203e+00
4.260000000000000142e+01,1.737983414677696814e+01,1.799000000000000057e+02,2.927902476409591515e+01,1.933602333068847656e+01,3.989593982696533203e+00
4.220000000000000284e+01,1.446286790396317556e+01,1.799000000000000057e+02,2.975963851598159948e+01,2.112552642822265625e+01,4.255309104919433594e+00
4.200000000000000000e+01,1.238139811352460207e+01,7.500000000000000000e+01,2.907182175340725294e+01,1.938061714172363281e+01,4.437065124511718750e+00
4.160000000000000142e+01,1.176453653863248761e+01,1.799000000000000057e+02,2.858151205476158196e+01,2.151659011840820312e+01,4.622509479522705078e+00
4.139999999999999858e+01,1.215618390836307583e+01,1.799000000000000057e+02,2.741344090428675884e+01,2.067299842834472656e+01,4.968430995941162109e+00
4.139999999999999858e+01,9.644474736491249089e+00,1.799000000000000057e+02,2.876894313726026908e+01,2.153508186340332031e+01,4.965867996215820312e+00
5.520000000000000284e+01,4.834985078816047377e+01,1.799000000000000057e+02,6.371273194096328751e+00,1.544430732727050781e+01,1.473824501037597656e+01
5.500000000000000000e+01,4.688659073663181687e+01,1.799000000000000057e+02,7.196886118622987993e+00,1.279570579528808594e+01,1.441734790802001953e+01
5.500000000000000000e+01,4.814285409889120615e+01,1.799000000000000057e+02,6.341174004913874285e+00,1.203454971313476562e+01,1.452093601226806641e+01
5.529999999999999716e+01,5.005009600462021524e+01,1.799000000000000057e+02,5.818424003123831234e+00,1.454444885253906250e+01,1.400057077407836914e+01
5.529999999999999716e+01,4.919267574081526817e+01,1.789000000000000057e+02,5.595810287302559694e+00,1.154168128967285156e+01,1.383853912353515625e+01
5.529999999999999716e+01,4.895454851679622976e+01,1.789000000000000057e+02,5.841108131843194329e+00,1.264024734497070312e+01,1.322634220123291016e+01
5.489999999999999858e+01,4.865776942412560402e+01,1.799000000000000057e+02,5.080111258220492587e+00,1.517831802368164062e+01,1.351113557815551758e+01
5.500000000000000000e+01,5.113953960503241092e+01,1.799000000000000057e+02,3.313498270557897474e+00,1.534609794616699219e+01,1.404724597930908203e+01
4.389999999999999858e+01,5.029918446786369657e+01,1.799000000000000057e+02,2.778160886873455748e+00,1.529269218444824219e+01,1.426177978515625000e+01
4.360000000000000142e+01,5.125433292615071679e+01,1.799000000000000057e+02,1.096979386459192574e+00,1.649086952209472656e+01,1.383974075317382812e+01
4.370000000000000284e+01,4.891543223107153437e+01,1.799000000000000057e+02,2.498329054868121624e+00,1.630360603332519531e+01,1.347692489624023438e+01
4.389999999999999858e+01,4.902043604788020303e+01,1.799000000000000057e+02,2.467753275733856722e+00,1.647834777832031250e+01,1.409303665161132812e+01
5.479999999999999716e+01,4.845279690233063263e+01,1.790999999999999943e+02,3.449355669040921502e+00,1.863439559936523438e+01,1.371868133544921875e+01
5.520000000000000284e+01,4.980141082758440518e+01,1.784000000000000057e+02,3.007241315428850204e+00,1.817365646362304688e+01,1.313872098922729492e+01
5.489999999999999858e+01,4.792715946006627092e+01,1.793000000000000114e+02,3.740864532340696158e+00,1.841057777404785156e+01,1.361612319946289062e+01
5.479999999999999716e+01,4.768981619367817615e+01,1.790000000000000000e+02,3.157092101346588464e+00,1.690413475036621094e+01,1.328414916992187500e+01
4.400000000000000000e+01,4.924548973447289768e+01,1.799000000000000057e+02,1.867935025025877049e+00,1.654872894287109375e+01,1.373844861984252930e+01
5.510000000000000142e+01,4.967356424913727864e+01,1.788000000000000114e+02,2.274291693209900433e+00,1.877485275268554688e+01,1.316885709762573242e+01
5.510000000000000142e+01,4.864536657929289731e+01,1.795999999999999943e+02,3.142592037180209186e+00,1.866968154907226562e+01,1.349496126174926758e+01
5.529999999999999716e+01,5.078563761487184536e+01,1.781999999999999886e+02,2.394278561197950683e+00,2.069861412048339844e+01,1.321809291839599609e+01
5.570000000000000284e+01,5.229324834743163564e+01,1.774000000000000057e+02,2.335759479210075540e+00,1.971351623535156250e+01,1.382326126098632812e+01
5.570000000000000284e+01,5.108916838154414819e+01,1.771999999999999886e+02,2.951022004896369122e+00,1.814560890197753906e+01,1.346548080444335938e+01
5.579999999999999716e+01,5.182197930427926025e+01,1.766999999999999886e+02,3.185158490197262715e+00,2.014027595520019531e+01,1.251018524169921875e+01
5.579999999999999716e+01,5.161322379249874359e+01,1.770999999999999943e+02,4.320196775111705634e+00,1.917410850524902344e+01,1.223870515823364258e+01
5.600000000000000000e+01,5.323171915604190474e+01,1.764000000000000057e+02,4.147809302486927585e+00,1.929804801940917969e+01,1.262699127197265625e+01
5.579999999999999716e+01,5.240647163683010490e+01,1.775999999999999943e+02,3.927295663245561563e+00,1.978150367736816406e+01,1.277896881103515625e+01
5.560000000000000142e+01,5.213985907475459669e+01,1.779000000000000057e+02,3.380739269150343507e+00,1.795134544372558594e+01,1.370509147644042969e+01
5.560000000000000142e+01,5.167982098354017495e+01,1.790999999999999943e+02,4.579513294185202810e+00,1.946089744567871094e+01,1.409925222396850586e+01
5.529999999999999716e+01,5.230569919156084779e+01,1.799000000000000057e+02,2.904109662895812516e+00,1.841637611389160156e+01,1.438673973083496094e+01
5.520000000000000284e+01,5.394773130042857190e+01,1.799000000000000057e+02,1.095684766612996297e+00,2.040137290954589844e+01,1.329981803894042969e+01
5.550000000000000000e+01,5.518030161401709677e+01,1.799000000000000057e+02,1.004874434134423122e+00,1.922970771789550781e+01,1.347207546234130859e+01
5.529999999999999716e+01,5.536382741975917554e+01,1.799000000000000057e+02,8.576083477206770667e-01,1.973333358764648438e+01,1.303063392639160156e+01
5.550000000000000000e+01,5.568240069843107420e+01,1.795999999999999943e+02,1.464010964278352533e+00,1.789212226867675781e+01,1.317926883697509766e+01
5.550000000000000000e+01,5.535367673914972642e+01,1.799000000000000057e+02,1.765260976542452287e+00,2.014149665832519531e+01,1.226608037948608398e+01
5.550000000000000000e+01,5.478836720399555560e+01,1.799000000000000057e+02,3.333168786067159939e+00,2.215530395507812500e+01,1.199377775192260742e+01
5.560000000000000142e+01,5.361269258237497581e+01,1.799000000000000057e+02,4.598041682308828371e+00,2.320338249206542969e+01,1.260416030883789062e+01
5.579999999999999716e+01,5.300898944815156000e+01,1.790000000000000000e+02,6.020299950976875536e+00,2.408050537109375000e+01,1.239686012268066406e+01
5.579999999999999716e+01,5.300723871916024166e+01,1.795999999999999943e+02,7.011493536708497842e+00,2.207969665527343750e+01,1.258568763732910156e+01
5.589999999999999858e+01,5.193781163062763540e+01,1.785999999999999943e+02,8.624992442847707608e+00,2.355559349060058594e+01,1.197144269943237305e+01
5.579999999999999716e+01,4.884512636781440165e+01,1.790000000000000000e+02,1.055389477437173440e+01,2.423725128173828125e+01,1.196089267730712891e+01
5.579999999999999716e+01,4.739655576095614720e+01,1.795999999999999943e+02,1.160212512316218358e+01,2.374594688415527344e+01,1.129013061523437500e+01
5.600000000000000000e+01,5.031534103477922315e+01,1.794000000000000057e+02,1.040068106910794477e+01,2.443680763244628906e+01,1.087331771850585938e+01
5.600000000000000000e+01,4.991828217667151790e+01,1.790000000000000000e+02,1.048294807197797773e+01,2.381410598754882812e+01,1.145987510681152344e+01
5.589999999999999858e+01,5.106637451182202625e+01,1.798000000000000114e+02,8.954281554130691489e+00,2.492321968078613281e+01,1.107124328613281250e+01
5.570000000000000284e+01,5.228044383179621946e+01,1.799000000000000057e+02,8.058589831586907337e+00,2.366208076477050781e+01,1.054901599884033203e+01
5.579999999999999716e+01,5.322991931680736855e+01,1.795999999999999943e+02,7.622692528318539829e+00,2.559285163879394531e+01,1.085877656936645508e+01
5.579999999999999716e+01,5.469464383777542338e+01,1.799000000000000057e+02,6.500847949884197341e+00,2.716868400573730469e+01,1.018332958221435547e+01
5.600000000000000000e+01,5.498082918169217237e+01,1.795999999999999943e+02,6.663208679962705716e+00,2.789426803588867188e+01,1.032945156097412109e+01
5.589999999999999858e+01,5.451783494315347411e+01,1.799000000000000057e+02,6.723147021275988067e+00,2.922794342041015625e+01,1.011284351348876953e+01
5.600000000000000000e+01,5.313264880343292873e+01,1.793000000000000114e+02,8.246492578681653640e+00,2.972965240478515625e+01,9.680814743041992188e+00
5.589999999999999858e+01,5.372105823133075830e+01,1.799000000000000057e+02,6.842885609719048468e+00,3.207230567932128906e+01,8.943526744842529297e+00
4.250000000000000000e+01,1.411005618181823529e+01,7.500000000000000000e+01,2.378595856985806734e+01,1.302457809448242188e+01,9.976634979248046875e+00
4.260000000000000142e+01,1.427831675640168285e+01,7.500000000000000000e+01,2.433237608414785313e+01,1.059395790100097656e+01,1.107795238494873047e+01
4.229999999999999716e+01,1.355319714782025997e+01,7.500000000000000000e+01,2.421402804937947550e+01,1.212328910827636719e+01,1.106949329376220703e+01
4.229999999999999716e+01,1.546775472754465142e+01,7.500000000000000000e+01,2.556663716029637712e+01,1.445060729980468750e+01,1.139787197113037109e+01
4.229999999999999716e+01,1.724705786471528057e+01,7.500000000000000000e+01,2.795557197252072967e+01,1.515851020812988281e+01,1.097912073135375977e+01
4.229999999999999716e+01,1.857555207001759712e+01,7.500000000000000000e+01,2.912250349039378960e+01,1.531192779541015625e+01,1.047839164733886719e+01
4.229999999999999716e+01,2.156263500875203576e+01,1.799000000000000057e+02,2.996351406707712783e+01,1.807940483093261719e+01,9.951925277709960938e+00
4.220000000000000284e+01,1.981920331392824153e+01,7.500000000000000000e+01,3.036434469913121958e+01,1.947022438049316406e+01,1.004580974578857422e+01
4.220000000000000284e+01,2.122720664672415936e+01,1.799000000000000057e+02,3.000297936365203810e+01,2.007764816284179688e+01,9.946925640106201172e+00
4.229999999999999716e+01,2.155312875942199113e+01,1.799000000000000057e+02,2.965567290765579145e+01,1.715002059936523438e+01,1.055813550949096680e+01
4.220000000000000284e+01,2.091963378846097754e+01,1.799000000000000057e+02,3.014021931833172019e+01,1.755524635314941406e+01,1.039102554321289062e+01
4.229999999999999716e+01,2.002618551696309979e+01,7.500000000000000000e+01,3.070518094133999654e+01,1.669613838195800781e+01,1.023099184036254883e+01
4.250000000000000000e+01,2.102853628556349008e+01,7.500000000000000000e+01,3.103424667886867994e+01,1.916172981262207031e+01,9.519047737121582031e+00
4.279999999999999716e+01,2.383709997547610726e+01,1.799000000000000057e+02,3.199685976019828715e+01,1.837197303771972656e+01,9.406623840332031250e+00
4.320000000000000284e+01,2.744276302711757154e+01,1.799000000000000057e+02,3.045776278652341063e+01,1.954031944274902344e+01,8.792676925659179688e+00
4.279999999999999716e+01,2.732477491591954788e+01,1.799000000000000057e+02,2.957224046135296192e+01,1.762691497802734375e+01,9.328861236572265625e+00
4.260000000000000142e+01,2.718708687669938584e+01,1.799000000000000057e+02,2.853168651232518016e+01,1.544093132019042969e+01,9.156172275543212891e+00
4.300000000000000000e+01,2.782891084470066545e+01,1.799000000000000057e+02,2.929052902044876205e+01,1.317784309387207031e+01,8.906877040863037109e+00
4.279999999999999716e+01,2.720345104698971284e+01,1.799000000000000057e+02,2.823357915462354129e+01,1.263555526733398438e+01,8.656544685363769531e+00
4.260000000000000142e+01,2.623444002729316082e+01,1.799000000000000057e+02,2.777357490151442221e+01,1.303329467773437500e+01,8.457729816436767578e+00
4.260000000000000142e+01,2.536282097562327209e+01,1.799000000000000057e+02,2.815084451997922343e+01,1.501671791076660156e+01,8.702955245971679688e+00
4.260000000000000142e+01,2.430371766049873372e+01,1.799000000000000057e+02,2.807264358772598811e+01,1.736814498901367188e+01,7.804198265075683594e+00
4.260000000000000142e+01,2.414203274571732294e+01,1.799000000000000057e+02,2.869613674849561846e+01,1.866263389587402344e+01,7.712419033050537109e+00
4.300000000000000000e+01,2.433403048425248016e+01,1.799000000000000057e+02,3.034243595777648039e+01,1.951951980590820312e+01,6.836872100830078125e+00
4.260000000000000142e+01,2.054104140524946942e+01,7.500000000000000000e+01,2.974062015249831248e+01,2.025603294372558594e+01,6.796979904174804688e+00
4.260000000000000142e+01,1.981270757306835861e+01,7.500000000000000000e+01,2.924670604778991390e+01,1.865243911743164062e+01,6.839227676391601562e+00
4.229999999999999716e+01,2.111644679861419149e+01,7.500000000000000000e+01,3.105883003252246510e+01,2.088017463684082031e+01,6.011691093444824219e+00
4.220000000000000284e+01,2.202274104957311707e+01,1.799000000000000057e+02,2.951876712631239386e+01,2.254997253417968750e+01,5.427160263061523438e+00
4.220000000000000284e+01,2.022502065406721172e+01,1.799000000000000057e+02,3.029052980708483389e+01,2.051344871520996094e+01,6.121907234191894531e+00
4.200000000000000000e+01,1.745888482640739170e+01,7.500000000000000000e+01,2.978013397992192779e+01,1.960087776184082031e+01,6.403572559356689453e+00
4.160000000000000142e+01,1.760017652415731959e+01,1.799000000000000057e+02,3.101846604798628704e+01,2.074978828430175781e+01,5.601887702941894531e+00
4.170000000000000284e+01,1.544991008793016007e+01,7.500000000000000000e+01,2.868605937748150225e+01,1.906238555908203125e+01,5.149736404418945312e+00
4.170000000000000284e+01,1.726347789590613502e+01,7.500000000000000000e+01,3.076119546639842639e+01,1.915118217468261719e+01,5.567371845245361328e+00
4.160000000000000142e+01,1.889402498696228960e+01,1.799000000000000057e+02,3.010923036862659075e+01,2.073023796081542969e+01,5.418999195098876953e+00
4.160000000000000142e+01,1.824965334435954745e+01,1.799000000000000057e+02,3.025196103349636445e+01,1.969694137573242188e+01,6.288924217224121094e+00
4.139999999999999858e+01,1.756562783013154316e+01,1.799000000000000057e+02,2.886191784914240799e+01,2.121416091918945312e+01,5.387556552886962891e+00
4.139999999999999858e+01,1.612173384149470223e+01,1.799000000000000057e+02,2.996610484488761728e+01,2.235709190368652344e+01,5.073955059051513672e+00
4.139999999999999858e+01,1.787924754402783734e+01,1.799000000000000057e+02,2.889981656476161476e+01,2.096397399902343750e+01,5.676889419555664062e+00
4.120000000000000284e+01,1.477435806972471255e+01,7.500000000000000000e+01,2.996610500378076836e+01,2.025509834289550781e+01,5.909435749053955078e+00
4.120000000000000284e+01,1.297492369464130846e+01,7.500000000000000000e+01,2.809497913159630045e+01,2.023645401000976562e+01,5.663180351257324219e+00
4.139999999999999858e+01,1.414774216437120913e+01,7.500000000000000000e+01,2.976638071641735550e+01,1.783278465270996094e+01,5.435550212860107422e+00
4.139999999999999858e+01,1.657186401463701841e+01,1.799000000000000057e+02,2.955319572062620992e+01,1.919961929321289062e+01,5.152616500854492188e+00
4.160000000000000142e+01,1.858402866779729834e+01,1.799000000000000057e+02,2.926608607129191597e+01,1.909947395324707031e+01,5.285878181457519531e+00
4.139999999999999858e+01,1.701816738004141527e+01,1.799000000000000057e+02,2.905798562321214362e+01,2.097207069396972656e+01,5.842709541320800781e+00
4.139999999999999858e+01,1.729060784461944422e+01,1.799000000000000057e+02,2.852451003711334465e+01,1.924074172973632812e+01,5.586977005004882812e+00
4.160000000000000142e+01,1.537432959691444623e+01,7.500000000000000000e+01,3.030604310635357024e+01,1.745003700256347656e+01,5.909557342529296875e+00
4.150000000000000000e+01,1.594398614100614608e+01,1.799000000000000057e+02,3.040457664200399179e+01,1.887458801269531250e+01,6.255383491516113281e+00
4.200000000000000000e+01,1.952866879740271955e+01,1.799000000000000057e+02,3.026815865233346159e+01,1.868630409240722656e+01,6.913471221923828125e+00
4.200000000000000000e+01,2.253871590763914767e+01,1.799000000000000057e+02,2.828560795845127274e+01,1.701756477355957031e+01,6.470830440521240234e+00
4.220000000000000284e+01,2.296687789573616101e+01,1.799000000000000057e+02,2.934096358550629802e+01,1.575341224670410156e+01,7.013328075408935547e+00
4.200000000000000000e+01,2.379351443320231141e+01,1.799000000000000057e+02,2.757265078883744636e+01,1.820215225219726562e+01,5.910117626190185547e+00
7.000000000000000000e+01,2.407212651374895174e+01,1.190999999999999943e+02,7.416750735749609191e+00,3.360156059265136719e+01,7.718043327331542969e+00
7.000000000000000000e+01,2.316326066190046618e+01,1.189000000000000057e+02,6.425699570504230351e+00,3.158728599548339844e+01,7.704293727874755859e+00
7.000000000000000000e+01,2.404610833736722597e+01,1.190999999999999943e+02,5.268474908812602386e+00,2.950015068054199219e+01,8.456559181213378906e+00
7.000000000000000000e+01,2.506882551214659571e+01,1.192000000000000028e+02,5.477024952019067250e+00,3.202205657958984375e+01,7.406549453735351562e+00
7.000000000000000000e+01,2.539393568522506683e+01,1.195000000000000000e+02,4.526077582920057907e+00,3.148367881774902344e+01,8.029904365539550781e+00
6.440000000000000568e+01,2.771283897823369102e+01,1.200999999999999943e+02,5.132648910314699719e+00,3.359845161437988281e+01,8.218965530395507812e+00
6.150000000000000000e+01,2.480428143709273670e+01,1.192000000000000028e+02,1.606756124485212922e+01,2.760765075683593750e+01,1.659146308898925781e+01
6.150000000000000000e+01,2.317430681602713349e+01,1.187000000000000028e+02,1.752528829064374349e+01,2.542674064636230469e+01,1.674947977066040039e+01
6.089999999999999858e+01,2.316152770408388761e+01,1.187000000000000028e+02,1.894146875973387267e+01,2.742833137512207031e+01,1.601279973983764648e+01
6.089999999999999858e+01,2.184088223628517511e+01,1.184000000000000057e+02,1.819530406012658119e+01,2.638165473937988281e+01,1.551553726196289062e+01
5.939999999999999858e+01,2.310082784067988371e+01,1.192999999999999972e+02,1.884046201472595072e+01,2.880110740661621094e+01,1.591772079467773438e+01
5.939999999999999858e+01,2.500084413028966779e+01,1.197999999999999972e+02,1.806580837777452331e+01,2.660104751586914062e+01,1.685595512390136719e+01
5.939999999999999858e+01,2.492545224110053681e+01,1.197999999999999972e+02,1.785405150449534872e+01,2.769563674926757812e+01,1.606691122055053711e+01
5.920000000000000284e+01,2.424868963725579718e+01,1.197999999999999972e+02,1.777675913545707687e+01,2.640727043151855469e+01,1.583209991455078125e+01
5.860000000000000142e+01,2.542982593334928154e+01,1.202999999999999972e+02,1.793911715852046029e+01,2.615530967712402344e+01,1.528650760650634766e+01
5.920000000000000284e+01,2.385586467501400776e+01,1.197999999999999972e+02,1.711914511873525058e+01,2.414459228515625000e+01,1.555608749389648438e+01
5.950000000000000000e+01,2.287612519249005061e+01,1.194000000000000057e+02,1.770006336065829089e+01,2.546956062316894531e+01,1.468335628509521484e+01
5.889999999999999858e+01,2.608271482876654801e+01,1.202000000000000028e+02,1.830849566060600253e+01,2.794350624084472656e+01,1.364968299865722656e+01
5.900000000000000000e+01,2.720254263758409863e+01,1.204000000000000057e+02,1.729877650956132840e+01,2.993251800537109375e+01,1.374922037124633789e+01
5.860000000000000142e+01,2.728833362470302148e+01,1.205999999999999943e+02,1.767391601117824607e+01,2.777693748474121094e+01,1.368258714675903320e+01
5.789999999999999858e+01,2.677226977382632711e+01,1.207999999999999972e+02,1.817612443660799926e+01,2.500784873962402344e+01,1.382056713104248047e+01
5.789999999999999858e+01,3.004360348948505788e+01,1.212999999999999972e+02,1.790549702953714473e+01,2.488917350769042969e+01,1.380865573883056641e+01
5.789999999999999858e+01,2.917143141547355967e+01,1.212000000000000028e+02,1.861155080108108351e+01,2.564140319824218750e+01,1.425508022308349609e+01
5.829999999999999716e+01,2.941872213595820540e+01,1.210999999999999943e+02,1.794587387205051954e+01,2.798657417297363281e+01,1.452925205230712891e+01
5.750000000000000000e+01,2.906086469035852105e+01,1.212999999999999972e+02,1.821438337024023468e+01,2.555832862854003906e+01,1.481035470962524414e+01
5.750000000000000000e+01,3.179637401666458274e+01,1.217999999999999972e+02,1.731991109464861012e+01,2.353888511657714844e+01,1.431864023208618164e+01
5.829999999999999716e+01,3.222348524371532363e+01,1.215000000000000000e+02,1.645226281928273337e+01,2.616022109985351562e+01,1.339852094650268555e+01
5.829999999999999716e+01,2.938847153874165485e+01,1.210999999999999943e+02,1.624100616436733446e+01,2.407178878784179688e+01,1.311830043792724609e+01
5.860000000000000142e+01,2.945363814743278041e+01,1.210999999999999943e+02,1.445968905854425124e+01,2.515662193298339844e+01,1.279296398162841797e+01
5.789999999999999858e+01,3.105147183968597346e+01,1.215000000000000000e+02,1.480176173779637239e+01,2.554150581359863281e+01,1.329653739929199219e+01
5.750000000000000000e+01,3.005517698514392322e+01,1.215999999999999943e+02,1.569210052312287829e+01,2.307537078857421875e+01,1.442284107208251953e+01
5.700000000000000000e+01,3.099626478722035117e+01,1.220000000000000000e+02,1.653770513934678021e+01,2.420480728149414062e+01,1.458563089370727539e+01
5.689999999999999858e+01,3.266664159182705873e+01,1.781999999999999886e+02,1.684331518264805894e+01,2.401070594787597656e+01,1.529784679412841797e+01
5.710000000000000142e+01,3.165776038786569657e+01,1.220000000000000000e+02,1.717157661644297661e+01,2.430369377136230469e+01,1.494948387145996094e+01
5.750000000000000000e+01,3.010040182963777866e+01,1.215999999999999943e+02,1.696912155070610595e+01,2.451953887939453125e+01,1.439630508422851562e+01
5.789999999999999858e+01,2.853349802445206862e+01,1.212000000000000028e+02,1.765895123289426039e+01,2.579146385192871094e+01,1.458323955535888672e+01
5.789999999999999858e+01,2.795169696586462749e+01,1.210000000000000000e+02,1.878330007717297434e+01,2.602536201477050781e+01,1.432154417037963867e+01
5.760000000000000142e+01,2.913975280429905368e+01,1.212000000000000028e+02,1.929986140817875651e+01,2.553727149963378906e+01,1.366172075271606445e+01
5.789999999999999858e+01,2.989947021345999545e+01,1.212999999999999972e+02,1.808949819165770023e+01,2.558242797851562500e+01,1.328461647033691406e+01
5.860000000000000142e+01,2.955234110043133455e+01,1.209000000000000057e+02,1.822077550270372015e+01,2.417184829711914062e+01,1.291833877563476562e+01
5.989999999999999858e+01,2.726701830888930900e+01,1.202000000000000028e+02,1.685508125490635223e+01,2.636876106262207031e+01,1.241383552551269531e+01
5.989999999999999858e+01,2.596303379962829894e+01,1.200000000000000000e+02,1.650459729658484775e+01,2.469996452331542969e+01,1.293461322784423828e+01
5.920000000000000284e+01,2.710587473521623281e+01,1.202000000000000028e+02,1.812381554518407967e+01,2.470450401306152344e+01,1.257918834686279297e+01
5.889999999999999858e+01,2.657611382952239865e+01,1.202999999999999972e+02,1.863414798078368051e+01,2.307501792907714844e+01,1.221467971801757812e+01
5.889999999999999858e+01,2.666272108056424628e+01,1.202999999999999972e+02,1.737112433166555192e+01,2.388897895812988281e+01,1.176793575286865234e+01
5.989999999999999858e+01,2.543510728446351976e+01,1.197999999999999972e+02,1.714288881907955897e+01,2.452628135681152344e+01,1.145021915435791016e+01
6.089999999999999858e+01,2.416469065137800598e+01,1.194000000000000057e+02,1.622993746725147446e+01,2.383674621582031250e+01,1.191454410552978516e+01
6.010000000000000142e+01,2.690459412434284658e+01,1.200999999999999943e+02,1.654352257220633149e+01,2.337433815002441406e+01,1.179545164108276367e+01
5.989999999999999858e+01,2.555788158338539873e+01,1.197999999999999972e+02,1.763986739486027489e+01,2.588083267211914062e+01,1.160803794860839844e+01
5.989999999999999858e+01,2.695263811809171273e+01,1.200999999999999943e+02,1.781218427433336871e+01,2.687150001525878906e+01,1.158658027648925781e+01
6.029999999999999716e+01,2.436409602322759582e+01,1.195000000000000000e+02,1.701898913284545145e+01,2.510575294494628906e+01,1.249121427536010742e+01
6.089999999999999858e+01,2.528054315652197204e+01,1.197000000000000028e+02,1.598168138440323460e+01,2.407690048217773438e+01,1.331368923187255859e+01
6.150000000000000000e+01,2.481048764547618646e+01,1.195000000000000000e+02,1.499455004853340157e+01,2.422872543334960938e+01,1.302653789520263672e+01
6.150000000000000000e+01,2.691919646678513445e+01,1.197999999999999972e+02,1.466442643631564380e+01,2.674592971801757812e+01,1.300835609436035156e+01
6.150000000000000000e+01,2.647571046608425860e+01,1.195999999999999943e+02,1.566272126443647927e+01,2.593609809875488281e+01,1.240560531616210938e+01
6.089999999999999858e+01,2.825289289315371377e+01,1.200999999999999943e+02,1.639687308071092176e+01,2.456974029541015625e+01,1.215072154998779297e+01
6.089999999999999858e+01,2.901327577590038587e+01,1.202999999999999972e+02,1.517012160862304349e+01,2.280058860778808594e+01,1.276870012283325195e+01
4.170000000000000284e+01,4.419959561313044460e+00,7.500000000000000000e+01,1.833478846167288268e+01,1.115188598632812500e+01,1.484649658203125000e+01
4.160000000000000142e+01,5.643471445859018942e+00,7.500000000000000000e+01,2.031316269488325688e+01,9.490652084350585938e+00,1.420260667800903320e+01
4.150000000000000000e+01,4.325520791547011967e+00,7.500000000000000000e+01,1.948739559301992585e+01,1.039892196655273438e+01,1.454276084899902344e+01
4.160000000000000142e+01,4.488658345760239143e+00,7.500000000000000000e+01,1.843589900982613372e+01,1.057615280151367188e+01,1.415997982025146484e+01
4.179999999999999716e+01,7.375291657750629781e+00,7.500000000000000000e+01,1.997713056819039679e+01,1.197056770324707031e+01,1.319271564483642578e+01
4.170000000000000284e+01,7.010902116183438615e+00,7.500000000000000000e+01,2.061002021197634448e+01,1.314009666442871094e+01,1.368159770965576172e+01
4.170000000000000284e+01,7.787189461544203439e+00,7.500000000000000000e+01,2.057015110130323876e+01,1.547796249389648438e+01,1.268635988235473633e+01
4.189999999999999858e+01,9.057109605406118646e+00,7.500000000000000000e+01,2.050854869551576698e+01,1.324245452880859375e+01,1.370102405548095703e+01
4.200000000000000000e+01,9.647813314261624029e+00,7.500000000000000000e+01,2.050143005701059806e+01,1.315720558166503906e+01,1.397315263748168945e+01
4.170000000000000284e+01,8.836567759742029793e+00,7.500000000000000000e+01,2.115418972035195466e+01,1.522935867309570312e+01,1.333881378173828125e+01
4.189999999999999858e+01,9.409975017303681355e+00,7.500000000000000000e+01,2.085793434907340682e+01,1.569417953491210938e+01,1.360795497894287109e+01
4.170000000000000284e+01,1.209842284290888692e+01,1.799000000000000057e+02,2.194951938521045776e+01,1.842339515686035156e+01,1.380976676940917969e+01
4.170000000000000284e+01,1.423575752173522346e+01,1.799000000000000057e+02,2.023952932554583839e+01,1.971489906311035156e+01,1.342115879058837891e+01
4.170000000000000284e+01,1.450299916336046202e+01,1.799000000000000057e+02,1.899831256572448623e+01,1.875509262084960938e+01,1.376044273376464844e+01
4.189999999999999858e+01,1.752237172264728571e+01,1.799000000000000057e+02,1.859262433168825623e+01,2.003773689270019531e+01,1.279723167419433594e+01
4.189999999999999858e+01,1.647501059579920835e+01,1.799000000000000057e+02,1.892396520085071288e+01,1.862561225891113281e+01,1.285606861114501953e+01
4.200000000000000000e+01,1.722865229378224328e+01,1.799000000000000057e+02,1.845131324309066301e+01,1.753137588500976562e+01,1.336329460144042969e+01
4.179999999999999716e+01,1.726151946527519598e+01,1.799000000000000057e+02,1.805180052876732688e+01,1.756633758544921875e+01,1.395844936370849609e+01
4.179999999999999716e+01,1.333152078367659321e+01,1.799000000000000057e+02,1.961844691501521609e+01,1.579244613647460938e+01,1.468682765960693359e+01
4.179999999999999716e+01,1.512257780622886294e+01,1.799000000000000057e+02,1.814308536241513181e+01,1.693724632263183594e+01,1.528188228607177734e+01
4.170000000000000284e+01,1.435068032486958245e+01,1.799000000000000057e+02,1.766386558146561470e+01,1.472187995910644531e+01,1.611926794052124023e+01
4.160000000000000142e+01,1.576008045097724164e+01,1.799000000000000057e+02,1.706528786673033338e+01,1.398924827575683594e+01,1.649156570434570312e+01
4.179999999999999716e+01,1.329258860954334942e+01,1.799000000000000057e+02,1.839490180317697110e+01,1.511184692382812500e+01,1.601487159729003906e+01
4.179999999999999716e+01,1.153263908886806455e+01,1.799000000000000057e+02,1.971860730133927220e+01,1.669189453125000000e+01,1.613200664520263672e+01
4.189999999999999858e+01,1.145491957132148464e+01,1.192999999999999972e+02,1.981902132386242954e+01,1.740915298461914062e+01,1.582993984222412109e+01
4.150000000000000000e+01,1.141916608637617969e+01,1.799000000000000057e+02,1.842206709164409517e+01,1.853030204772949219e+01,1.547698736190795898e+01
4.150000000000000000e+01,9.476650705189337387e+00,1.799000000000000057e+02,1.780899921609482561e+01,1.890040397644042969e+01,1.587496519088745117e+01
4.139999999999999858e+01,1.202987549783393462e+01,1.799000000000000057e+02,1.604473558557498336e+01,2.046766281127929688e+01,1.542447566986083984e+01
4.120000000000000284e+01,1.284344973429702819e+01,1.799000000000000057e+02,1.448402322440788303e+01,1.828541755676269531e+01,1.552786827087402344e+01
4.120000000000000284e+01,1.338258118947478081e+01,1.799000000000000057e+02,1.382590565129545723e+01,2.077347755432128906e+01,1.440264463424682617e+01
4.120000000000000284e+01,1.171134573038820292e+01,1.799000000000000057e+02,1.318065434212790876e+01,2.267399787902832031e+01,1.469977140426635742e+01
4.120000000000000284e+01,9.305902788599224706e+00,1.799000000000000057e+02,1.461712036946123128e+01,1.989962577819824219e+01,1.541231155395507812e+01
4.129999999999999716e+01,1.071939298038224564e+01,1.799000000000000057e+02,1.559479228749080626e+01,1.948736190795898438e+01,1.529857158660888672e+01
4.120000000000000284e+01,1.120708017088777453e+01,1.799000000000000057e+02,1.405478046777635370e+01,1.726834297180175781e+01,1.608670949935913086e+01
4.120000000000000284e+01,1.339165830370840737e+01,1.799000000000000057e+02,1.254701821257444827e+01,1.784510612487792969e+01,1.619255304336547852e+01
4.100000000000000000e+01,1.259166565001434357e+01,1.799000000000000057e+02,1.099748554507194598e+01,1.993603706359863281e+01,1.556187868118286133e+01
4.100000000000000000e+01,1.060243565332614324e+01,1.799000000000000057e+02,1.100703599622428541e+01,2.196310997009277344e+01,1.466967821121215820e+01
4.100000000000000000e+01,1.379312275280845590e+01,1.799000000000000057e+02,1.000826967267331291e+01,1.997027397155761719e+01,1.490827560424804688e+01
4.079999999999999716e+01,1.540209278128106618e+01,1.799000000000000057e+02,8.371034368322851194e+00,2.287397384643554688e+01,1.482221126556396484e+01
4.100000000000000000e+01,1.668518967910059914e+01,1.799000000000000057e+02,8.435407337713268561e+00,2.157505035400390625e+01,1.575706243515014648e+01
4.100000000000000000e+01,1.590264427533132618e+01,1.799000000000000057e+02,7.666143004712147047e+00,2.098982810974121094e+01,1.617131233215332031e+01
4.100000000000000000e+01,1.503431621124055084e+01,1.799000000000000057e+02,8.655490979304850896e+00,1.969491004943847656e+01,1.597469091415405273e+01
4.100000000000000000e+01,1.318158266749802721e+01,1.799000000000000057e+02,8.841005073941946790e+00,1.895001411437988281e+01,1.632759571075439453e+01
4.100000000000000000e+01,1.545924590158450407e+01,1.799000000000000057e+02,6.879193541464395878e+00,2.096199989318847656e+01,1.643477916717529297e+01
4.100000000000000000e+01,1.210390624710704977e+01,1.799000000000000057e+02,8.690109860453487656e+00,2.245325088500976562e+01,1.606366634368896484e+01
4.100000000000000000e+01,1.355542684653580565e+01,1.799000000000000057e+02,8.799884335238935762e+00,2.474378585815429688e+01,1.629293441772460938e+01
4.100000000000000000e+01,9.802164431666296807e+00,1.799000000000000057e+02,1.017758349700158327e+01,2.225583076477050781e+01,1.663602590560913086e+01
4.100000000000000000e+01,1.327188039503406358e+01,1.799000000000000057e+02,1.068588946254662631e+01,2.330817222595214844e+01,1.676453590393066406e+01
4.100000000000000000e+01,1.118034784217118549e+01,1.799000000000000057e+02,1.146939444679070874e+01,2.054053306579589844e+01,1.721465706825256348e+01
4.100000000000000000e+01,1.075987152299084748e+01,1.799000000000000057e+02,1.187691113330739334e+01,2.209445953369140625e+01,1.728337049484252930e+01
4.100000000000000000e+01,1.272526161064109473e+01,1.799000000000000057e+02,9.877557919811239984e+00,2.368579864501953125e+01,1.770021200180053711e+01
6.329999999999999716e+01,9.963119601710024753e+00,9.409999999999999432e+01,8.464307567230024532e+00,7.373504638671875000e+00,1.020529747009277344e+01
6.420000000000000284e+01,1.057061499123449089e+01,9.509999999999999432e+01,7.947372000566855554e+00,5.803670883178710938e+00,9.897782802581787109e+00
6.490000000000000568e+01,9.161274593641378416e+00,9.459999999999999432e+01,6.522896702981356931e+00,3.927898406982421875e+00,1.093788623809814453e+01
6.840000000000000568e+01,6.448809434995048662e+00,9.270000000000000284e+01,3.724494387155687036e+00,2.288131713867187500e+00,1.072731733322143555e+01
7.000000000000000000e+01,6.556475685945750698e+00,9.340000000000000568e+01,3.003148508177026610e+00,4.814891815185546875e+00,1.031230449676513672e+01
6.979999999999999716e+01,8.580580875553460274e+00,9.450000000000000000e+01,4.555079535784344102e+00,7.639532089233398438e+00,1.016274929046630859e+01
7.000000000000000000e+01,7.958552983870027298e+00,9.509999999999999432e+01,3.750048521509019572e+00,6.464052200317382812e+00,1.027876615524291992e+01
7.000000000000000000e+01,8.344776794789353858e+00,9.570000000000000284e+01,3.672846660529937246e+00,6.993436813354492188e+00,9.515962600708007812e+00
7.000000000000000000e+01,7.914140017761636337e+00,9.509999999999999432e+01,2.404656852811197343e+00,4.987258911132812500e+00,1.011355638504028320e+01
4.339999999999999858e+01,3.718967433147842883e+01,1.764000000000000057e+02,7.707602985467625345e+00,2.513862609863281250e+01,1.965134024620056152e+01
4.360000000000000142e+01,3.563439288969420460e+01,1.765999999999999943e+02,9.562008161340356693e+00,2.437540054321289062e+01,1.907557487487792969e+01
5.529999999999999716e+01,3.490304755327056796e+01,1.760000000000000000e+02,1.079214805096724561e+01,2.239323616027832031e+01,1.952598571777343750e+01
5.550000000000000000e+01,3.498931094766329863e+01,1.756999999999999886e+02,1.057972437301545732e+01,2.049284934997558594e+01,1.939557075500488281e+01
5.529999999999999716e+01,3.557957652868178400e+01,1.756999999999999886e+02,1.051780046175276695e+01,1.823892593383789062e+01,1.935810327529907227e+01
5.550000000000000000e+01,3.554067438043747984e+01,1.756999999999999886e+02,1.106433796448638418e+01,2.010426521301269531e+01,1.913133382797241211e+01
5.520000000000000284e+01,3.400084757587639217e+01,1.766999999999999886e+02,1.183837874383815425e+01,2.053101539611816406e+01,1.852125644683837891e+01
5.529999999999999716e+01,3.536718767862586787e+01,1.764000000000000057e+02,1.113019042350622279e+01,2.314700126647949219e+01,1.760706186294555664e+01
5.539999999999999858e+01,3.321744825845032523e+01,1.230999999999999943e+02,1.163348764347637854e+01,2.509339332580566406e+01,1.662868857383728027e+01
5.529999999999999716e+01,3.296986951074219263e+01,1.230000000000000000e+02,1.098203231891194065e+01,2.489082336425781250e+01,1.620387792587280273e+01
5.579999999999999716e+01,3.265296000736618964e+01,1.227999999999999972e+02,1.012513664045458484e+01,2.548364639282226562e+01,1.657866716384887695e+01
5.600000000000000000e+01,3.295730671271865475e+01,1.227999999999999972e+02,1.023630411000897311e+01,2.580959320068359375e+01,1.641564607620239258e+01
5.610000000000000142e+01,3.213387889630807592e+01,1.227999999999999972e+02,8.516494397301544339e+00,2.742495536804199219e+01,1.700553417205810547e+01
5.639999999999999858e+01,3.041021403694986702e+01,1.222999999999999972e+02,8.689384253818046133e+00,2.907900810241699219e+01,1.740549445152282715e+01
5.689999999999999858e+01,3.109548504112382972e+01,1.222000000000000028e+02,7.357561951632350272e+00,3.053828239440917969e+01,1.696316242218017578e+01
5.670000000000000284e+01,3.044349260625768849e+01,1.222000000000000028e+02,8.403652663371047993e+00,3.279242515563964844e+01,1.617987155914306641e+01
5.650000000000000000e+01,2.990178154835273716e+01,1.222000000000000028e+02,9.315857637830534443e+00,3.187891960144042969e+01,1.709398627281188965e+01
5.650000000000000000e+01,2.917660696944390253e+01,1.220999999999999943e+02,8.262812008926939455e+00,3.193625450134277344e+01,1.740991353988647461e+01
5.670000000000000284e+01,3.138808692846161463e+01,1.224000000000000057e+02,7.700422635253665327e+00,3.297738075256347656e+01,1.725185275077819824e+01
5.620000000000000284e+01,3.360959905069417886e+01,1.227999999999999972e+02,8.963199057449847018e+00,3.336768150329589844e+01,1.765944480895996094e+01
5.600000000000000000e+01,3.278434725849167108e+01,1.227999999999999972e+02,1.072190221320850867e+01,3.592269897460937500e+01,1.684747099876403809e+01
5.600000000000000000e+01,3.502233668296738500e+01,1.230999999999999943e+02,1.146224831315232784e+01,3.818755149841308594e+01,1.646290779113769531e+01
5.650000000000000000e+01,3.547359879084323353e+01,1.227999999999999972e+02,1.137006581379448811e+01,3.605583190917968750e+01,1.742934823036193848e+01
5.670000000000000284e+01,3.543042491826271601e+01,1.227999999999999972e+02,9.919843067956144012e+00,3.739830017089843750e+01,1.804933071136474609e+01
5.689999999999999858e+01,3.674059562181420802e+01,1.227999999999999972e+02,8.951277124851150901e+00,3.846684455871582031e+01,1.856073856353759766e+01
5.650000000000000000e+01,3.856883029171142141e+01,1.234000000000000057e+02,9.937539340481437833e+00,3.692767143249511719e+01,1.806198596954345703e+01
5.629999999999999716e+01,4.000844151274034033e+01,1.748000000000000114e+02,8.093850227338718284e+00,3.522698402404785156e+01,1.751542568206787109e+01
5.620000000000000284e+01,4.050017522378752943e+01,1.749000000000000057e+02,7.221095430321793351e+00,3.382414817810058594e+01,1.724973440170288086e+01
5.600000000000000000e+01,4.319557219014500049e+01,1.756999999999999886e+02,5.749649621128332555e+00,3.535691261291503906e+01,1.679174780845642090e+01
5.589999999999999858e+01,4.412535416218004514e+01,1.751999999999999886e+02,3.924211157875618472e+00,3.601711273193359375e+01,1.627180576324462891e+01
5.560000000000000142e+01,4.541384563053055956e+01,1.760000000000000000e+02,2.881188984594132307e+00,3.874845504760742188e+01,1.567570686340332031e+01
5.939999999999999858e+01,3.529224753179238405e+01,1.215000000000000000e+02,8.572562372411416831e+00,2.657060623168945312e+01,1.080296039581298828e+01
5.889999999999999858e+01,3.711658840059048714e+01,1.217999999999999972e+02,9.680324329654638404e+00,2.706704139709472656e+01,1.060729980468750000e+01
5.860000000000000142e+01,3.637522805856474406e+01,1.217999999999999972e+02,1.097937362825466678e+01,2.923584938049316406e+01,9.983973503112792969e+00
5.889999999999999858e+01,3.376498641500002407e+01,1.215000000000000000e+02,1.217910506473568688e+01,3.064684867858886719e+01,1.030178070068359375e+01
5.900000000000000000e+01,3.094732807863578472e+01,1.210999999999999943e+02,1.237688595501664324e+01,3.059690475463867188e+01,1.075144767761230469e+01
5.920000000000000284e+01,3.002173699786520444e+01,1.209000000000000057e+02,1.297482006805478250e+01,2.948932647705078125e+01,1.125759840011596680e+01
5.939999999999999858e+01,3.024509030869571546e+01,1.209000000000000057e+02,1.222925437233949708e+01,2.673134803771972656e+01,1.241621971130371094e+01
5.920000000000000284e+01,3.026582452501255815e+01,1.209000000000000057e+02,1.339424298707686845e+01,2.588744163513183594e+01,1.219681501388549805e+01
5.889999999999999858e+01,2.849713022982227173e+01,1.207000000000000028e+02,1.433345155381855918e+01,2.637948989868164062e+01,1.160469055175781250e+01
5.939999999999999858e+01,2.933064321674845587e+01,1.207999999999999972e+02,1.301880339110980245e+01,2.389932632446289062e+01,1.253757953643798828e+01
5.889999999999999858e+01,3.199926699194204716e+01,1.212000000000000028e+02,1.424440967577994321e+01,2.273470878601074219e+01,1.269568681716918945e+01
5.860000000000000142e+01,3.449410800380825748e+01,1.215999999999999943e+02,1.352448427926469954e+01,2.361880302429199219e+01,1.329465389251708984e+01
5.889999999999999858e+01,3.505675301568513191e+01,1.215000000000000000e+02,1.366657191760056556e+01,2.231130599975585938e+01,1.264178276062011719e+01
5.829999999999999716e+01,3.609469425055926450e+01,1.217999999999999972e+02,1.349678707959432344e+01,2.158635139465332031e+01,1.327751159667968750e+01
5.860000000000000142e+01,3.486245287683849625e+01,1.215999999999999943e+02,1.447629653513661907e+01,2.367579460144042969e+01,1.320719242095947266e+01
5.810000000000000142e+01,3.404652722349425886e+01,1.217999999999999972e+02,1.554898690856660792e+01,2.257621765136718750e+01,1.373837947845458984e+01
5.889999999999999858e+01,3.271295323017274370e+01,1.212999999999999972e+02,1.474332378362766605e+01,2.429339408874511719e+01,1.411046504974365234e+01
5.889999999999999858e+01,3.396676749590406530e+01,1.214000000000000057e+02,1.445905961943074303e+01,2.543183326721191406e+01,1.437429666519165039e+01
5.860000000000000142e+01,3.279137761516446403e+01,1.212999999999999972e+02,1.435148001406474805e+01,2.719019889831542969e+01,1.496252775192260742e+01
5.889999999999999858e+01,3.381860492468056378e+01,1.215000000000000000e+02,1.278699167674670534e+01,2.459653854370117188e+01,1.489275455474853516e+01
5.860000000000000142e+01,3.569738281968233196e+01,1.217999999999999972e+02,1.289941372453703394e+01,2.728801727294921875e+01,1.478965282440185547e+01
5.829999999999999716e+01,3.450944529915668824e+01,1.217999999999999972e+02,1.418540531350940981e+01,2.670689582824707031e+01,1.463587999343872070e+01
5.829999999999999716e+01,3.400027027561888815e+01,1.215999999999999943e+02,1.606647061980031665e+01,2.931693077087402344e+01,1.455888271331787109e+01
5.829999999999999716e+01,3.490551302967924130e+01,1.217999999999999972e+02,1.544354185308928962e+01,3.017185211181640625e+01,1.370976924896240234e+01
5.750000000000000000e+01,3.635059455422654651e+01,1.222000000000000028e+02,1.619500570616181534e+01,2.805583953857421875e+01,1.417213916778564453e+01
5.760000000000000142e+01,3.464481176907838744e+01,1.220000000000000000e+02,1.705237855600841357e+01,2.847393035888671875e+01,1.484877109527587891e+01
5.710000000000000142e+01,3.532394213856578347e+01,1.224000000000000057e+02,1.706070114139153304e+01,2.985865592956542969e+01,1.450360298156738281e+01
5.750000000000000000e+01,3.322639342982517263e+01,1.217999999999999972e+02,1.656116183846533119e+01,2.797112464904785156e+01,1.466752529144287109e+01
5.739999999999999858e+01,3.370835412061222058e+01,1.220999999999999943e+02,1.648925395697070329e+01,2.566723823547363281e+01,1.443364620208740234e+01
5.739999999999999858e+01,3.217327917417728145e+01,1.217999999999999972e+02,1.628203293640348193e+01,2.615832328796386719e+01,1.429493427276611328e+01
5.729999999999999716e+01,3.161494338577517027e+01,1.217999999999999972e+02,1.733891359701829415e+01,2.660872459411621094e+01,1.474525451660156250e+01
5.789999999999999858e+01,2.980657578183370404e+01,1.212999999999999972e+02,1.687321526431146168e+01,2.446328163146972656e+01,1.507581710815429688e+01
5.829999999999999716e+01,2.822158723630919752e+01,1.209000000000000057e+02,1.659199009868871499e+01,2.342286109924316406e+01,1.480266094207763672e+01
5.829999999999999716e+01,2.693899349475959326e+01,1.207000000000000028e+02,1.640643304584371975e+01,2.555105209350585938e+01,1.484449148178100586e+01
5.889999999999999858e+01,2.618682399628650259e+01,1.205000000000000000e+02,1.476383939387383393e+01,2.574295997619628906e+01,1.428239107131958008e+01
5.889999999999999858e+01,2.732972682954125077e+01,1.207000000000000028e+02,1.358373916561148320e+01,2.656927108764648438e+01,1.432423114776611328e+01
5.789999999999999858e+01,2.945983076820004953e+01,1.212000000000000028e+02,1.430871306118726594e+01,2.767036437988281250e+01,1.448636770248413086e+01
5.860000000000000142e+01,2.828615630278035553e+01,1.210000000000000000e+02,1.286661827053210239e+01,2.992145538330078125e+01,1.399025917053222656e+01
5.889999999999999858e+01,2.742705179882360866e+01,1.207000000000000028e+02,1.322747748018367098e+01,3.177643775939941406e+01,1.328628063201904297e+01
5.989999999999999858e+01,2.648107010565192354e+01,1.202999999999999972e+02,1.237811592122555204e+01,3.347754478454589844e+01,1.323185443878173828e+01
5.970000000000000284e+01,2.547881475119329764e+01,1.202000000000000028e+02,1.263580458221615466e+01,3.157217025756835938e+01,1.357022762298583984e+01
5.889999999999999858e+01,2.632424778330901916e+01,1.205999999999999943e+02,1.397973875972961189e+01,3.179144859313964844e+01,1.283537149429321289e+01
5.950000000000000000e+01,2.657171268775534401e+01,1.204000000000000057e+02,1.306205258195549845e+01,2.965046882629394531e+01,1.388527870178222656e+01
5.920000000000000284e+01,2.679201197158219472e+01,1.205000000000000000e+02,1.375596729777831229e+01,2.963254928588867188e+01,1.374496459960937500e+01
5.939999999999999858e+01,2.548048579145205395e+01,1.202999999999999972e+02,1.345672954191065074e+01,3.014612197875976562e+01,1.444731950759887695e+01
5.920000000000000284e+01,2.537972102276438591e+01,1.204000000000000057e+02,1.303978542524762751e+01,3.006829261779785156e+01,1.475726604461669922e+01
5.860000000000000142e+01,2.579505646437891642e+01,1.205999999999999943e+02,1.345215084799664496e+01,2.895031929016113281e+01,1.559983491897583008e+01
5.889999999999999858e+01,2.614708123879638180e+01,1.205000000000000000e+02,1.338306638157551731e+01,2.861061096191406250e+01,1.588485240936279297e+01
5.939999999999999858e+01,2.670257456328737788e+01,1.204000000000000057e+02,1.283384463613203863e+01,2.628786087036132812e+01,1.667631626129150391e+01
5.920000000000000284e+01,2.732363423025892857e+01,1.205999999999999943e+02,1.262714206757113722e+01,2.734778404235839844e+01,1.639744997024536133e+01
5.860000000000000142e+01,2.795122475328713918e+01,1.209000000000000057e+02,1.267392773103916781e+01,2.824500083923339844e+01,1.688202023506164551e+01
6.089999999999999858e+01,1.903197182940048293e+01,1.180999999999999943e+02,1.783048319245977353e+01,2.879183769226074219e+01,1.187530040740966797e+01
6.050000000000000000e+01,1.936844394775732425e+01,1.184000000000000057e+02,1.866124144299662646e+01,3.085427284240722656e+01,1.132909297943115234e+01
6.229999999999999716e+01,1.781986582609232528e+01,9.470000000000000284e+01,1.629248418626435679e+01,2.873307228088378906e+01,1.098668098449707031e+01
6.260000000000000142e+01,1.732074086498522547e+01,9.370000000000000284e+01,1.553400825277622310e+01,2.975512504577636719e+01,1.056829214096069336e+01
6.150000000000000000e+01,1.654091590938950773e+01,9.340000000000000568e+01,1.601007071375365953e+01,3.162676811218261719e+01,9.761941432952880859e+00
6.260000000000000142e+01,1.316851340480969057e+01,9.020000000000000284e+01,1.324121308305704048e+01,3.309961318969726562e+01,8.978219032287597656e+00
6.329999999999999716e+01,1.261993766791800020e+01,8.970000000000000284e+01,1.242126417957780760e+01,3.429679870605468750e+01,8.725709915161132812e+00
6.150000000000000000e+01,1.366986148049907257e+01,9.050000000000000000e+01,1.426473714333293508e+01,3.278502464294433594e+01,8.100147247314453125e+00
6.329999999999999716e+01,1.158704030895778558e+01,8.890000000000000568e+01,1.174754199243359842e+01,3.132643699645996094e+01,7.594347000122070312e+00
6.370000000000000284e+01,1.124175598086292460e+01,8.820000000000000284e+01,1.130119358338013669e+01,3.286671638488769531e+01,7.471528053283691406e+00
6.490000000000000568e+01,9.759779525035867209e+00,8.679999999999999716e+01,9.738457543357979418e+00,3.332501411437988281e+01,7.215776443481445312e+00
6.389999999999999858e+01,8.696862401566189504e+00,8.559999999999999432e+01,9.536520299534124945e+00,3.295948028564453125e+01,7.403686046600341797e+00
6.300000000000000000e+01,9.026735757066354893e+00,7.500000000000000000e+01,1.028586110423658440e+01,3.214143753051757812e+01,7.282900810241699219e+00
5.560000000000000142e+01,2.145815642194639850e+01,1.200000000000000000e+02,4.389869703109533505e-03,1.783245086669921875e+01,1.244695186614990234e+01
5.620000000000000284e+01,2.021494287727602313e+01,1.200000000000000000e+02,5.327131577570724461e-03,1.896790504455566406e+01,1.185954809188842773e+01
4.370000000000000284e+01,1.952065194464957898e+01,1.232999999999999972e+02,2.575779249575852435e-03,1.793940544128417969e+01,1.153552055358886719e+01
5.579999999999999716e+01,1.773189740950680005e+01,1.200000000000000000e+02,2.114866291003575805e-03,1.987539291381835938e+01,1.051913261413574219e+01
4.389999999999999858e+01,1.854426480616832862e+01,1.200000000000000000e+02,2.012699087167322577e-03,1.761872291564941406e+01,1.116422176361083984e+01
4.389999999999999858e+01,1.759613127718400349e+01,1.200000000000000000e+02,6.399162305222248423e-03,1.484209060668945312e+01,1.189928054809570312e+01
4.370000000000000284e+01,1.545412294051829782e+01,1.222999999999999972e+02,1.091103250526327716e-03,1.645189285278320312e+01,1.214177608489990234e+01
4.389999999999999858e+01,1.393119977159418710e+01,1.200000000000000000e+02,3.740730112260378347e-03,1.783075332641601562e+01,1.203107833862304688e+01
4.420000000000000284e+01,1.251969058573747517e+01,1.200000000000000000e+02,1.744214355769211841e-03,1.665345191955566406e+01,1.181983470916748047e+01
4.360000000000000142e+01,1.148439219669289812e+01,1.200000000000000000e+02,2.407189056958576427e-03,1.544104576110839844e+01,1.198618888854980469e+01
4.389999999999999858e+01,1.002986422811973632e+01,1.210999999999999943e+02,2.175282920337883764e-03,1.378993034362792969e+01,1.175294876098632812e+01
4.389999999999999858e+01,8.345879749877623155e+00,1.202000000000000028e+02,1.157435911229131253e+00,1.578981399536132812e+01,1.156027317047119141e+01
4.400000000000000000e+01,8.342691605253811815e+00,1.199000000000000057e+02,6.487637962175372142e-01,1.825076103210449219e+01,1.200356960296630859e+01
4.389999999999999858e+01,8.322396144542196339e+00,1.199000000000000057e+02,1.226033847770573226e+00,1.853908538818359375e+01,1.163141727447509766e+01
5.610000000000000142e+01,8.270964233316968617e+00,1.195999999999999943e+02,1.775410506395938448e+00,1.646040916442871094e+01,1.256325721740722656e+01
5.629999999999999716e+01,8.867350404781410234e+00,1.195999999999999943e+02,1.334319951601564025e+00,1.677155494689941406e+01,1.167315244674682617e+01
5.600000000000000000e+01,9.002908963182923330e+00,1.197000000000000028e+02,1.856479418836787687e+00,1.915202140808105469e+01,1.115919828414916992e+01
5.560000000000000142e+01,9.807750678712514159e+00,1.199000000000000057e+02,2.790755639687614753e+00,2.076196670532226562e+01,1.105745553970336914e+01
5.939999999999999858e+01,1.775152566201886373e+01,1.185999999999999943e+02,1.787853125819060196e+01,4.436984062194824219e+01,1.422627449035644531e+01
5.860000000000000142e+01,1.916905027718001264e+01,1.192000000000000028e+02,1.874183705361546259e+01,4.577627182006835938e+01,1.399241447448730469e+01
5.920000000000000284e+01,1.776571322028017264e+01,1.184000000000000057e+02,1.856302465511118527e+01,4.668616294860839844e+01,1.311810016632080078e+01
5.989999999999999858e+01,1.555990088070123356e+01,9.359999999999999432e+01,1.647785850294144794e+01,4.505555152893066406e+01,1.324094295501708984e+01
5.950000000000000000e+01,1.535880704876531055e+01,9.340000000000000568e+01,1.675330482741579630e+01,4.475966453552246094e+01,1.397377014160156250e+01
5.970000000000000284e+01,1.350562587874164500e+01,9.070000000000000284e+01,1.558494881129283982e+01,4.569825172424316406e+01,1.365996599197387695e+01
6.029999999999999716e+01,1.086994289509154932e+01,8.859999999999999432e+01,1.299075140014922525e+01,4.744543075561523438e+01,1.383756637573242188e+01
5.939999999999999858e+01,1.319963868823201736e+01,9.100000000000000000e+01,1.565273377779084107e+01,4.658698081970214844e+01,1.355015277862548828e+01
5.920000000000000284e+01,1.221863219633683784e+01,7.500000000000000000e+01,1.528227785466859778e+01,4.605504989624023438e+01,1.399967193603515625e+01
6.089999999999999858e+01,1.190665674111890482e+01,8.890000000000000568e+01,1.366780109125692277e+01,4.542841911315917969e+01,1.407729387283325195e+01
6.150000000000000000e+01,1.075256735029924116e+01,8.690000000000000568e+01,1.262479698841110221e+01,4.404301643371582031e+01,1.491535425186157227e+01
6.150000000000000000e+01,9.197932588867175241e+00,7.500000000000000000e+01,1.129957601381092047e+01,4.196392059326171875e+01,1.593197584152221680e+01
6.089999999999999858e+01,1.095801772822642128e+01,7.500000000000000000e+01,1.307879645384042711e+01,4.376571655273437500e+01,1.528733730316162109e+01
6.050000000000000000e+01,1.102472165704231699e+01,7.500000000000000000e+01,1.339625974153423549e+01,4.226517677307128906e+01,1.624268054962158203e+01
5.939999999999999858e+01,1.092092263751504255e+01,7.500000000000000000e+01,1.386242076564277603e+01,4.258777618408203125e+01,1.620165348052978516e+01
5.989999999999999858e+01,1.071617460156961599e+01,7.500000000000000000e+01,1.341542309395144272e+01,4.326807975769042969e+01,1.609082221984863281e+01
5.750000000000000000e+01,5.150593429656755262e+01,1.235999999999999943e+02,2.453107014902688565e+00,2.676033973693847656e+01,1.623129844665527344e+00
5.739999999999999858e+01,5.131424069032765090e+01,1.235999999999999943e+02,4.072603122345208604e+00,2.849898338317871094e+01,9.501838684082031250e-01
5.770000000000000284e+01,5.090361631829908617e+01,1.234000000000000057e+02,4.253222287392914858e+00,2.708682060241699219e+01,4.005146026611328125e-01
5.760000000000000142e+01,5.134427661721308311e+01,1.235999999999999943e+02,3.916563020319420829e+00,2.564512252807617188e+01,0.000000000000000000e+00
5.770000000000000284e+01,5.187683320430888045e+01,1.235999999999999943e+02,3.634939993834758631e+00,2.405240058898925781e+01,0.000000000000000000e+00
5.789999999999999858e+01,4.936930083847195050e+01,1.234000000000000057e+02,4.630782202433324279e+00,2.426564216613769531e+01,0.000000000000000000e+00
5.760000000000000142e+01,4.959905191546532421e+01,1.235999999999999943e+02,4.848738929851609036e+00,2.321740150451660156e+01,0.000000000000000000e+00
5.739999999999999858e+01,5.125073743836641427e+01,1.235999999999999943e+02,3.537235292061083225e+00,2.360875129699707031e+01,0.000000000000000000e+00
5.760000000000000142e+01,5.091083312925346149e+01,1.235999999999999943e+02,2.701501048815988071e+00,2.238711357116699219e+01,0.000000000000000000e+00
5.739999999999999858e+01,4.975689770612069651e+01,1.234000000000000057e+02,3.422711605454093586e+00,2.127081871032714844e+01,0.000000000000000000e+00
5.750000000000000000e+01,5.056811836610183519e+01,1.235999999999999943e+02,2.358425283995877919e+00,2.240987777709960938e+01,0.000000000000000000e+00
5.739999999999999858e+01,5.308103548566474927e+01,1.235999999999999943e+02,1.325492869371011739e+00,2.220402717590332031e+01,0.000000000000000000e+00
5.710000000000000142e+01,5.388881383437188077e+01,1.240000000000000000e+02,2.309460848133076283e+00,2.406538963317871094e+01,0.000000000000000000e+00
5.739999999999999858e+01,5.305892907921854373e+01,1.235999999999999943e+02,1.685806944186141410e+00,2.550107002258300781e+01,0.000000000000000000e+00
5.739999999999999858e+01,5.130141215765659979e+01,1.235999999999999943e+02,1.499561026313577461e+00,2.472727775573730469e+01,0.000000000000000000e+00
5.739999999999999858e+01,5.213231657025747978e+01,1.235999999999999943e+02,9.051802621637640156e-01,2.342638969421386719e+01,0.000000000000000000e+00
5.729999999999999716e+01,5.306042067587569733e+01,1.237000000000000028e+02,1.153327002319802369e-01,2.501559257507324219e+01,0.000000000000000000e+00
5.710000000000000142e+01,5.288905098565802376e+01,1.235999999999999943e+02,1.265006670379774434e+00,2.448899269104003906e+01,0.000000000000000000e+00
5.700000000000000000e+01,5.556943497667784015e+01,1.242000000000000028e+02,1.022301370765204664e+00,2.439247131347656250e+01,0.000000000000000000e+00
5.679999999999999716e+01,5.522689698098707822e+01,1.242000000000000028e+02,9.323385977003740832e-01,2.550576210021972656e+01,0.000000000000000000e+00
5.660000000000000142e+01,5.616453205759562906e+01,1.245999999999999943e+02,2.622382366465006331e+00,2.586483955383300781e+01,0.000000000000000000e+00
5.670000000000000284e+01,5.466704567194536679e+01,1.242000000000000028e+02,3.377073312793607673e+00,2.855158805847167969e+01,0.000000000000000000e+00
5.679999999999999716e+01,5.344129668788714582e+01,1.242000000000000028e+02,4.530893875625984002e+00,2.843893051147460938e+01,0.000000000000000000e+00
5.689999999999999858e+01,5.271439769942176667e+01,1.240999999999999943e+02,3.294993419172573379e+00,2.569110870361328125e+01,0.000000000000000000e+00
5.670000000000000284e+01,5.100613851689924871e+01,1.240000000000000000e+02,4.440282029507025108e+00,2.457110404968261719e+01,0.000000000000000000e+00
5.650000000000000000e+01,5.015991615834274597e+01,1.242000000000000028e+02,4.722410211991615370e+00,2.458205223083496094e+01,0.000000000000000000e+00
5.650000000000000000e+01,5.065565151473694527e+01,1.242000000000000028e+02,6.211958104608062747e+00,2.532529830932617188e+01,0.000000000000000000e+00
5.639999999999999858e+01,5.103363865718839776e+01,1.242000000000000028e+02,5.695063924692127522e+00,2.353518486022949219e+01,0.000000000000000000e+00
5.629999999999999716e+01,5.147649396733758209e+01,1.245999999999999943e+02,5.365333468696162456e+00,2.276726722717285156e+01,0.000000000000000000e+00
5.620000000000000284e+01,5.099829108631845997e+01,1.245999999999999943e+02,5.963233634067814926e+00,2.167229652404785156e+01,0.000000000000000000e+00
5.610000000000000142e+01,5.033662051481215371e+01,1.731999999999999886e+02,6.003265198215405718e+00,1.894227027893066406e+01,0.000000000000000000e+00
5.589999999999999858e+01,4.975858333585205173e+01,1.736999999999999886e+02,6.510305390287961735e+00,1.963570594787597656e+01,0.000000000000000000e+00
5.600000000000000000e+01,4.991184542329673945e+01,1.734000000000000057e+02,6.025243037066479346e+00,1.967308044433593750e+01,2.960538864135742188e-01
5.610000000000000142e+01,4.951506501322774767e+01,1.242000000000000028e+02,6.419427552640533996e+00,1.761444091796875000e+01,1.244711875915527344e-01
5.620000000000000284e+01,4.893913585586746251e+01,1.242000000000000028e+02,6.048004517112570255e+00,1.934569358825683594e+01,5.880212783813476562e-01
5.600000000000000000e+01,4.913577940588976389e+01,1.736999999999999886e+02,6.440509871686335153e+00,1.774441719055175781e+01,1.157083511352539062e+00
5.620000000000000284e+01,4.680863646705792291e+01,1.240000000000000000e+02,6.086438367765584445e+00,1.879328727722167969e+01,4.633855819702148438e-01
5.639999999999999858e+01,4.642752055454344884e+01,1.235999999999999943e+02,5.207357051781777102e+00,2.093224525451660156e+01,2.831268310546875000e-01
5.660000000000000142e+01,4.469812974164873509e+01,1.235999999999999943e+02,5.192570303059381942e+00,2.314566612243652344e+01,0.000000000000000000e+00
5.639999999999999858e+01,4.758145788482077876e+01,1.239000000000000057e+02,5.791317027387005822e+00,2.519979476928710938e+01,0.000000000000000000e+00
5.639999999999999858e+01,4.591360159697467225e+01,1.239000000000000057e+02,5.843966404419356664e+00,2.283904075622558594e+01,0.000000000000000000e+00
5.650000000000000000e+01,4.521758328443052477e+01,1.235999999999999943e+02,6.399135343413830057e+00,2.388926506042480469e+01,0.000000000000000000e+00
5.660000000000000142e+01,4.560325670595707948e+01,1.235999999999999943e+02,5.560954744279164252e+00,2.477560043334960938e+01,0.000000000000000000e+00
5.689999999999999858e+01,4.520958535709512205e+01,1.234000000000000057e+02,5.485946430567859800e+00,2.281792640686035156e+01,0.000000000000000000e+00
5.670000000000000284e+01,4.724668238589426039e+01,1.235999999999999943e+02,4.226007724244601249e+00,2.453945159912109375e+01,0.000000000000000000e+00
5.660000000000000142e+01,4.849609406738710504e+01,1.239000000000000057e+02,4.182407805207136953e+00,2.405264854431152344e+01,0.000000000000000000e+00
5.679999999999999716e+01,4.817865350994111395e+01,1.239000000000000057e+02,2.880513188798545787e+00,2.334566116333007812e+01,0.000000000000000000e+00
5.650000000000000000e+01,4.866366570986758688e+01,1.240999999999999943e+02,3.960692026809831123e+00,2.174454689025878906e+01,0.000000000000000000e+00
5.670000000000000284e+01,4.771689140890949687e+01,1.239000000000000057e+02,3.006571226473475633e+00,2.193551063537597656e+01,0.000000000000000000e+00
5.650000000000000000e+01,4.676473498194499712e+01,1.235999999999999943e+02,2.135992667854501370e+00,1.896344184875488281e+01,0.000000000000000000e+00
5.650000000000000000e+01,4.697665165373712171e+01,1.239000000000000057e+02,2.460648161406942869e+00,1.951913833618164062e+01,0.000000000000000000e+00
6.260000000000000142e+01,2.632778756783894281e+01,1.202999999999999972e+02,4.161607659693698835e+00,1.800108909606933594e+01,4.981884956359863281e+00
6.540000000000000568e+01,2.513051701439714947e+01,1.197999999999999972e+02,3.185091859634172629e+00,1.972773551940917969e+01,4.690196514129638672e+00
6.540000000000000568e+01,2.544919880901897713e+01,1.200000000000000000e+02,1.595690648944250167e+00,1.878616333007812500e+01,5.274760723114013672e+00
7.000000000000000000e+01,2.621555117619464426e+01,1.199000000000000057e+02,5.149349170301164014e-01,1.970009803771972656e+01,4.670267105102539062e+00
6.440000000000000568e+01,2.750492512214167107e+01,1.202999999999999972e+02,1.484303208358364490e+00,1.975186347961425781e+01,4.093413352966308594e+00
6.540000000000000568e+01,2.601251029846318730e+01,1.200000000000000000e+02,2.077404472696382509e+00,2.207835197448730469e+01,3.889718055725097656e+00
6.260000000000000142e+01,2.685754154752994083e+01,1.204000000000000057e+02,2.792436578887896204e+00,2.227149009704589844e+01,4.392652511596679688e+00
6.370000000000000284e+01,2.661283472719626531e+01,1.202000000000000028e+02,1.382941974479455105e+00,2.235512733459472656e+01,4.361221790313720703e+00
6.329999999999999716e+01,2.696520729557108353e+01,1.202000000000000028e+02,2.572014920763273871e+00,2.392081260681152344e+01,4.641561508178710938e+00
6.420000000000000284e+01,2.763955735349981069e+01,1.202000000000000028e+02,2.744124924241060803e+00,2.586372375488281250e+01,4.680323600769042969e+00
6.420000000000000284e+01,2.560553074015473740e+01,1.200000000000000000e+02,3.116340097293139433e+00,2.748656272888183594e+01,4.792821407318115234e+00
6.540000000000000568e+01,2.483289554267684451e+01,1.197000000000000028e+02,3.847676794759423036e+00,2.989968299865722656e+01,5.103104114532470703e+00
4.300000000000000000e+01,1.882493895700347508e+01,1.215000000000000000e+02,1.973123419190874417e+00,6.709604263305664062e+00,1.747345089912414551e+01
4.300000000000000000e+01,1.837993011200956062e+01,1.215000000000000000e+02,2.139664389311535686e+00,7.399253845214843750e+00,1.727197408676147461e+01
4.300000000000000000e+01,1.798383393047811296e+01,1.215000000000000000e+02,2.648693323438988223e+00,8.816156387329101562e+00,1.652608275413513184e+01
4.320000000000000284e+01,1.851162999675211296e+01,1.215000000000000000e+02,3.317455947436501518e+00,1.060200691223144531e+01,1.565485477447509766e+01
4.320000000000000284e+01,1.823141444047804427e+01,1.212999999999999972e+02,4.725763415040897364e+00,1.230436325073242188e+01,1.535934448242187500e+01
4.320000000000000284e+01,1.788467366905231870e+01,1.212999999999999972e+02,6.451967794201141082e+00,1.043016433715820312e+01,1.524962902069091797e+01
4.360000000000000142e+01,1.675103221813756349e+01,1.207999999999999972e+02,5.533391257923381268e+00,1.129835128784179688e+01,1.594249486923217773e+01
4.320000000000000284e+01,1.763497130987123995e+01,1.212999999999999972e+02,6.557580156283579598e+00,1.212868690490722656e+01,1.581904888153076172e+01
4.300000000000000000e+01,1.921957434783531582e+01,1.215999999999999943e+02,6.767836283801954345e+00,9.514112472534179688e+00,1.554430246353149414e+01
4.320000000000000284e+01,1.885348667101057885e+01,1.212999999999999972e+02,7.047492031558365788e+00,6.956844329833984375e+00,1.564672946929931641e+01
4.320000000000000284e+01,2.146279424430852600e+01,1.215999999999999943e+02,5.481257378251324752e+00,8.633403778076171875e+00,1.576928377151489258e+01
5.600000000000000000e+01,2.186652547480425923e+01,1.214000000000000057e+02,5.679533712673928925e+00,1.004315376281738281e+01,1.501580715179443359e+01
4.360000000000000142e+01,2.329357254146005474e+01,1.217999999999999972e+02,6.436071280049620036e+00,1.256441116333007812e+01,1.411967277526855469e+01
5.620000000000000284e+01,2.435036862842737904e+01,1.217000000000000028e+02,5.301306277107955545e+00,1.301127433776855469e+01,1.336011409759521484e+01
5.639999999999999858e+01,2.776736465909899465e+01,1.220999999999999943e+02,4.341039538990607127e+00,1.122730255126953125e+01,1.419127941131591797e+01
5.660000000000000142e+01,2.827048798316398859e+01,1.220000000000000000e+02,3.561152392016471158e+00,1.050148010253906250e+01,1.464830636978149414e+01
5.650000000000000000e+01,2.852520282261856366e+01,1.220999999999999943e+02,3.334205954665759197e+00,1.081469535827636719e+01,1.463973283767700195e+01
5.660000000000000142e+01,2.960684244066867876e+01,1.222000000000000028e+02,1.480094676856561264e+00,9.234933853149414062e+00,1.483399868011474609e+01
5.679999999999999716e+01,2.933361188685868726e+01,1.222000000000000028e+02,8.112603953083894481e-01,1.107769966125488281e+01,1.426145076751708984e+01
5.739999999999999858e+01,3.036035488246962188e+01,1.220999999999999943e+02,2.092893850499720765e-01,1.256365776062011719e+01,1.474083423614501953e+01
5.750000000000000000e+01,3.145880975997460638e+01,1.222000000000000028e+02,1.123804059912293152e+00,1.359113693237304688e+01,1.527184724807739258e+01
5.739999999999999858e+01,3.050305598199106427e+01,1.220999999999999943e+02,2.433219018712394099e+00,1.476676940917968750e+01,1.553927421569824219e+01
5.710000000000000142e+01,3.252356891008627571e+01,1.225000000000000000e+02,1.701809624523811015e+00,1.564217567443847656e+01,1.499124526977539062e+01
5.689999999999999858e+01,3.483048438493854349e+01,1.227999999999999972e+02,2.291543819758073752e+00,1.799376487731933594e+01,1.479902744293212891e+01
5.670000000000000284e+01,3.582393610342230517e+01,1.227999999999999972e+02,1.206793223205569587e+00,1.942580223083496094e+01,1.438261270523071289e+01
5.650000000000000000e+01,3.703632270865947618e+01,1.230999999999999943e+02,4.225510975069239894e-01,2.072937965393066406e+01,1.495904445648193359e+01
5.660000000000000142e+01,3.706199157955784074e+01,1.230999999999999943e+02,2.321783322707488217e+00,1.937768936157226562e+01,1.468982458114624023e+01
5.639999999999999858e+01,3.557925815827564975e+01,1.230000000000000000e+02,3.106152677605637180e+00,1.777927398681640625e+01,1.486060380935668945e+01
5.629999999999999716e+01,3.793179899951289258e+01,1.234000000000000057e+02,3.300194881892524634e+00,1.697937011718750000e+01,1.535840511322021484e+01
5.589999999999999858e+01,3.691628807817739499e+01,1.234000000000000057e+02,4.029958599659275720e+00,1.661078453063964844e+01,1.517169713973999023e+01
5.589999999999999858e+01,3.726485603128891455e+01,1.234000000000000057e+02,3.503715361224666314e+00,1.745982170104980469e+01,1.504418134689331055e+01
5.589999999999999858e+01,3.647702107672617444e+01,1.234000000000000057e+02,4.662440300517151748e+00,1.738060951232910156e+01,1.478082656860351562e+01
5.570000000000000284e+01,3.403103660036860134e+01,1.230999999999999943e+02,4.884185047521987677e+00,1.938225746154785156e+01,1.450430870056152344e+01
4.360000000000000142e+01,3.244299534917600880e+01,1.230999999999999943e+02,4.789225428641889160e+00,1.642007827758789062e+01,1.479963302612304688e+01
5.570000000000000284e+01,3.238899790749481156e+01,1.227999999999999972e+02,5.595468100064668882e+00,1.863589286804199219e+01,1.439869880676269531e+01
5.529999999999999716e+01,3.241123436355155008e+01,1.230999999999999943e+02,6.555619107782967525e+00,1.633873939514160156e+01,1.506443023681640625e+01
5.529999999999999716e+01,3.477990732978500432e+01,1.234000000000000057e+02,6.171911803948917807e+00,1.853060722351074219e+01,1.525072574615478516e+01
4.360000000000000142e+01,3.561197757403326136e+01,1.743000000000000114e+02,5.808278519111413907e+00,1.913367271423339844e+01,1.522773265838623047e+01
4.320000000000000284e+01,3.480473343325669333e+01,1.749000000000000057e+02,6.108129025296321402e+00,1.993390083312988281e+01,1.486240386962890625e+01
4.320000000000000284e+01,3.557837704585767824e+01,1.751999999999999886e+02,5.583234944915162146e+00,2.031180381774902344e+01,1.466491699218750000e+01
4.300000000000000000e+01,3.456213626330119126e+01,1.753000000000000114e+02,6.271460428519767483e+00,1.969197273254394531e+01,1.509412527084350586e+01
4.300000000000000000e+01,3.418326526131053100e+01,1.753000000000000114e+02,6.933017575505947327e+00,2.229002952575683594e+01,1.431559324264526367e+01
4.329999999999999716e+01,3.365413902593176942e+01,1.751999999999999886e+02,8.442186677992982169e+00,2.391597747802734375e+01,1.389045238494873047e+01
4.279999999999999716e+01,3.300454537196045379e+01,1.756999999999999886e+02,7.092380264591100492e+00,2.559076309204101562e+01,1.375294685363769531e+01
4.260000000000000142e+01,3.371741944331105145e+01,1.764000000000000057e+02,6.554244301903022318e+00,2.397537231445312500e+01,1.396111488342285156e+01
4.250000000000000000e+01,3.242659557131472781e+01,1.775999999999999943e+02,7.365215979779201838e+00,2.644284248352050781e+01,1.386662483215332031e+01
4.260000000000000142e+01,3.233365800077546481e+01,1.765999999999999943e+02,7.202328434164547488e+00,2.739897727966308594e+01,1.415495157241821289e+01
4.279999999999999716e+01,3.430194775594615919e+01,1.756999999999999886e+02,5.948193461798142678e+00,2.509238243103027344e+01,1.512329101562500000e+01
4.260000000000000142e+01,3.373142283101090300e+01,1.764000000000000057e+02,5.230307742091373058e+00,2.337256431579589844e+01,1.495888471603393555e+01
4.260000000000000142e+01,3.349341779065893832e+01,1.764000000000000057e+02,5.306810327217906575e+00,2.521057128906250000e+01,1.499032497406005859e+01
4.229999999999999716e+01,3.293650304249106142e+01,1.775999999999999943e+02,6.013369684318488062e+00,2.725733757019042969e+01,1.521653413772583008e+01
4.260000000000000142e+01,2.178102553470609237e+01,1.799000000000000057e+02,2.384824905674066997e+01,1.019814491271972656e+01,5.390462875366210938e+00
4.279999999999999716e+01,2.133313969011346600e+01,1.799000000000000057e+02,2.555821042941105148e+01,8.602800369262695312e+00,5.337662696838378906e+00
4.300000000000000000e+01,1.826689162624632701e+01,1.192999999999999972e+02,2.423310080401529731e+01,7.392940521240234375e+00,6.099920272827148438e+00
4.279999999999999716e+01,1.966063006798404089e+01,1.197999999999999972e+02,2.531971628329142021e+01,5.755100250244140625e+00,6.573166847229003906e+00
4.260000000000000142e+01,1.942555687393617347e+01,1.799000000000000057e+02,2.465196933170004456e+01,7.294321060180664062e+00,6.749958992004394531e+00
4.260000000000000142e+01,1.986448097399097534e+01,1.799000000000000057e+02,2.483887289200907134e+01,6.597003936767578125e+00,6.702990531921386719e+00
4.260000000000000142e+01,1.803210153605601462e+01,1.799000000000000057e+02,2.582281878884433723e+01,7.466421127319335938e+00,7.017040252685546875e+00
4.260000000000000142e+01,1.980128520691476623e+01,1.200999999999999943e+02,2.531205910498616518e+01,7.197904586791992188e+00,6.759641170501708984e+00
4.229999999999999716e+01,1.978245062524243991e+01,1.799000000000000057e+02,2.397351445657786329e+01,9.084596633911132812e+00,6.956529617309570312e+00
4.260000000000000142e+01,2.292880671511452562e+01,1.799000000000000057e+02,2.350769794098505372e+01,9.343185424804687500e+00,6.124386787414550781e+00
4.260000000000000142e+01,1.993534311793374059e+01,1.799000000000000057e+02,2.556122697981147240e+01,8.861389160156250000e+00,6.811888217926025391e+00
4.260000000000000142e+01,2.249442942755965547e+01,1.799000000000000057e+02,2.408374260293420477e+01,7.499322891235351562e+00,7.639060020446777344e+00
4.220000000000000284e+01,2.090319693978703341e+01,1.799000000000000057e+02,2.392474593034009089e+01,5.064926147460937500e+00,7.906515598297119141e+00
4.229999999999999716e+01,1.802252467481468301e+01,1.799000000000000057e+02,2.613075044337588793e+01,2.501420974731445312e+00,8.968467712402343750e+00
4.220000000000000284e+01,1.809014973655072112e+01,1.799000000000000057e+02,2.526115795248891516e+01,3.031234741210937500e+00,8.341827392578125000e+00
4.220000000000000284e+01,2.079127473201756260e+01,1.799000000000000057e+02,2.412600441251596450e+01,2.158718109130859375e+00,8.921890258789062500e+00
4.189999999999999858e+01,3.711684892520052870e+01,1.799000000000000057e+02,9.950074805980973380e+00,3.240149497985839844e+01,1.096505165100097656e+01
4.220000000000000284e+01,3.721328494121602404e+01,1.799000000000000057e+02,1.036431162137239070e+01,3.401761054992675781e+01,1.066854476928710938e+01
4.220000000000000284e+01,3.785358142547809024e+01,1.799000000000000057e+02,9.803300053032081962e+00,3.385067939758300781e+01,1.093100547790527344e+01
4.220000000000000284e+01,3.519478244281172863e+01,1.799000000000000057e+02,1.153472384211397639e+01,3.264261245727539062e+01,1.091422080993652344e+01
4.189999999999999858e+01,3.385174354794266804e+01,1.799000000000000057e+02,1.184713609045424398e+01,3.432476043701171875e+01,1.002135276794433594e+01
4.200000000000000000e+01,3.429194693402659055e+01,1.799000000000000057e+02,1.251427601926872057e+01,3.463173866271972656e+01,1.065922260284423828e+01
4.200000000000000000e+01,3.598383922799637702e+01,1.799000000000000057e+02,1.047543942566130681e+01,3.722432136535644531e+01,9.546487331390380859e+00
4.160000000000000142e+01,3.424038654617445587e+01,1.799000000000000057e+02,1.120747791203638855e+01,3.665129661560058594e+01,9.340891838073730469e+00
4.179999999999999716e+01,3.454525346412886933e+01,1.799000000000000057e+02,1.105510756059886468e+01,3.636756896972656250e+01,9.258756637573242188e+00
4.160000000000000142e+01,3.665006500280148316e+01,1.799000000000000057e+02,8.902584627900404612e+00,3.894893646240234375e+01,8.719093799591064453e+00
4.170000000000000284e+01,3.403872288082731501e+01,1.799000000000000057e+02,1.101956496617571801e+01,4.095810890197753906e+01,8.985726833343505859e+00
4.139999999999999858e+01,3.270469125002731658e+01,1.799000000000000057e+02,1.038411587446043782e+01,4.149465560913085938e+01,8.651399612426757812e+00
4.179999999999999716e+01,3.458210765586343882e+01,1.799000000000000057e+02,1.115538817426464924e+01,4.216191291809082031e+01,9.131155014038085938e+00
4.189999999999999858e+01,3.569407640198902243e+01,1.799000000000000057e+02,1.011325072127518609e+01,4.461316108703613281e+01,9.397809505462646484e+00
4.220000000000000284e+01,3.818167365786608514e+01,1.799000000000000057e+02,9.612628804468888788e+00,4.352612495422363281e+01,9.094457626342773438e+00
4.220000000000000284e+01,3.968547521005795176e+01,1.799000000000000057e+02,8.506367325116009681e+00,4.463318824768066406e+01,8.988709449768066406e+00
4.220000000000000284e+01,3.796244760253904360e+01,1.799000000000000057e+02,9.724132182785908185e+00,4.524598121643066406e+01,8.280558586120605469e+00
4.200000000000000000e+01,3.649582973795410368e+01,1.799000000000000057e+02,1.100724397259384801e+01,4.390075683593750000e+01,9.186768531799316406e+00
4.179999999999999716e+01,3.631885016918990772e+01,1.799000000000000057e+02,1.035843480537240247e+01,4.637390136718750000e+01,8.906106948852539062e+00
4.200000000000000000e+01,3.670131529376011770e+01,1.799000000000000057e+02,1.121056684293226624e+01,4.393892288208007812e+01,9.127056598663330078e+00
4.229999999999999716e+01,3.651075003563112631e+01,1.799000000000000057e+02,1.267305138327136049e+01,4.323328018188476562e+01,9.689989089965820312e+00
4.220000000000000284e+01,3.370779413438637562e+01,1.799000000000000057e+02,1.391366750056869606e+01,4.118092536926269531e+01,9.673485755920410156e+00
4.229999999999999716e+01,3.463937310564227090e+01,1.799000000000000057e+02,1.313275823200067016e+01,4.057035446166992188e+01,9.337677955627441406e+00
4.260000000000000142e+01,3.733171767036101585e+01,1.799000000000000057e+02,1.177576040118866274e+01,4.133062362670898438e+01,8.745398521423339844e+00
4.300000000000000000e+01,3.901232850013278863e+01,1.799000000000000057e+02,1.099260298249895307e+01,3.986188888549804688e+01,8.198685646057128906e+00
4.300000000000000000e+01,3.686542993060019313e+01,1.799000000000000057e+02,1.284497005409179771e+01,3.975685119628906250e+01,8.779253959655761719e+00
4.260000000000000142e+01,3.579411617299929560e+01,1.799000000000000057e+02,1.197608266863506010e+01,3.915487289428710938e+01,9.550909996032714844e+00
4.250000000000000000e+01,3.471378504403462273e+01,1.799000000000000057e+02,1.216579240455769551e+01,4.068245887756347656e+01,8.682460784912109375e+00
4.279999999999999716e+01,3.658115493608548974e+01,1.799000000000000057e+02,1.143385862656166374e+01,3.902970314025878906e+01,8.873100280761718750e+00
4.260000000000000142e+01,3.481521839281554520e+01,1.799000000000000057e+02,1.153866611005554255e+01,3.655778884887695312e+01,9.829354286193847656e+00
4.220000000000000284e+01,3.176791798184888194e+01,1.799000000000000057e+02,1.252548214301415186e+01,3.787061691284179688e+01,1.021652221679687500e+01
4.229999999999999716e+01,3.033410133890478022e+01,1.799000000000000057e+02,1.415718037585251210e+01,3.617385864257812500e+01,1.023789405822753906e+01
4.220000000000000284e+01,3.065710031890922593e+01,1.799000000000000057e+02,1.303512567885137408e+01,3.390774726867675781e+01,1.069987535476684570e+01
4.229999999999999716e+01,3.143664621667005576e+01,1.799000000000000057e+02,1.264437576196699275e+01,3.186716079711914062e+01,1.065867424011230469e+01
4.239999999999999858e+01,3.007480213232279098e+01,1.799000000000000057e+02,1.380570188978260759e+01,3.274456977844238281e+01,1.067738294601440430e+01
4.279999999999999716e+01,3.241998804422475189e+01,1.799000000000000057e+02,1.294262914477863191e+01,3.242517471313476562e+01,1.131128311157226562e+01
4.260000000000000142e+01,3.247744958794577030e+01,1.799000000000000057e+02,1.214047773400473496e+01,3.115078926086425781e+01,1.070220470428466797e+01
4.229999999999999716e+01,3.173680009573847016e+01,1.799000000000000057e+02,1.187238573756730986e+01,2.961030006408691406e+01,1.036127090454101562e+01
4.200000000000000000e+01,2.988501882683591759e+01,1.799000000000000057e+02,1.169708513663202254e+01,2.818791389465332031e+01,9.909772872924804688e+00
4.160000000000000142e+01,2.912751333122010777e+01,1.799000000000000057e+02,1.050862100342358119e+01,2.734213829040527344e+01,1.074037075042724609e+01
4.120000000000000284e+01,2.765700235917342553e+01,1.799000000000000057e+02,9.221964607225579869e+00,2.769984245300292969e+01,1.117346763610839844e+01
4.150000000000000000e+01,2.973601649477166831e+01,1.799000000000000057e+02,9.090440647697896281e+00,2.972323417663574219e+01,1.026884555816650391e+01
4.170000000000000284e+01,3.096833652718235896e+01,1.799000000000000057e+02,8.531592907943457149e+00,2.920784950256347656e+01,1.042370319366455078e+01
4.189999999999999858e+01,3.280857226326880749e+01,1.799000000000000057e+02,7.743347790788194018e+00,2.992613792419433594e+01,9.727580547332763672e+00
4.170000000000000284e+01,3.237428063736130213e+01,1.799000000000000057e+02,7.713467795389407300e+00,2.959662437438964844e+01,9.973392486572265625e+00
4.189999999999999858e+01,3.280539261126310180e+01,1.799000000000000057e+02,7.350085452669418373e+00,2.741132736206054688e+01,1.065179347991943359e+01
4.150000000000000000e+01,3.083389656934270562e+01,1.799000000000000057e+02,8.023883108689563670e+00,2.968482971191406250e+01,1.062433004379272461e+01
4.160000000000000142e+01,3.400055313012623515e+01,1.799000000000000057e+02,6.264302029883948464e+00,2.945526123046875000e+01,1.123060464859008789e+01
4.170000000000000284e+01,3.404442344208322879e+01,1.799000000000000057e+02,5.740958331033092499e+00,2.688300132751464844e+01,1.191981315612792969e+01
4.200000000000000000e+01,3.647692017113062946e+01,1.799000000000000057e+02,3.830120691119554444e+00,2.621351242065429688e+01,1.262392997741699219e+01
4.170000000000000284e+01,3.791346481531291346e+01,1.799000000000000057e+02,1.808228354147450867e+00,2.605568885803222656e+01,1.195621967315673828e+01
4.120000000000000284e+01,1.053979581271744514e+00,1.799000000000000057e+02,2.316186351689803047e+01,6.607208251953125000e+00,1.911740660667419434e+01
4.120000000000000284e+01,3.407192916552423956e+00,7.500000000000000000e+01,2.403238609456878194e+01,8.228092193603515625e+00,1.948508262634277344e+01
4.150000000000000000e+01,4.929432108995526640e+00,7.500000000000000000e+01,2.306025296413390180e+01,9.351596832275390625e+00,1.980329751968383789e+01
4.160000000000000142e+01,2.624699548515829761e+00,7.500000000000000000e+01,2.168881589287065026e+01,1.088118553161621094e+01,2.039220571517944336e+01
4.160000000000000142e+01,2.074016597530365935e+00,7.500000000000000000e+01,2.070093483487327291e+01,1.074221611022949219e+01,2.073593139648437500e+01
4.160000000000000142e+01,1.761018941945570182e+00,7.500000000000000000e+01,2.130524168911848193e+01,1.328530311584472656e+01,2.065886974334716797e+01
4.139999999999999858e+01,1.172243633432589638e+00,7.500000000000000000e+01,2.321289581994248863e+01,1.116838455200195312e+01,2.051911354064941406e+01
4.139999999999999858e+01,1.214139993485648050e+00,7.500000000000000000e+01,2.239151605013120516e+01,1.143703460693359375e+01,2.072663784027099609e+01
4.050000000000000000e+01,7.354707530481245994e-03,7.500000000000000000e+01,2.127596738810851207e+01,1.042168617248535156e+01,2.121554851531982422e+01
4.820000000000000284e+01,7.416507339687954982e-03,7.500000000000000000e+01,1.933706454789886564e+01,7.996625900268554688e+00,2.108358383178710938e+01
6.260000000000000142e+01,1.698761012444479590e+01,8.950000000000000000e+01,1.674713241760877480e+01,1.638474464416503906e+01,6.732268333435058594e+00
6.229999999999999716e+01,1.706892170326880986e+01,8.950000000000000000e+01,1.750860644907318076e+01,1.825753211975097656e+01,6.390516757965087891e+00
6.150000000000000000e+01,1.990500967568407731e+01,9.209999999999999432e+01,1.942130730094690705e+01,1.925900459289550781e+01,6.893773078918457031e+00
6.089999999999999858e+01,2.078332550597595585e+01,9.250000000000000000e+01,2.076546393073977370e+01,1.924656867980957031e+01,7.602896690368652344e+00
6.029999999999999716e+01,1.999447513792001629e+01,9.140000000000000568e+01,2.088910186224859800e+01,1.801223754882812500e+01,8.483257293701171875e+00
6.010000000000000142e+01,2.186975454276733188e+01,9.250000000000000000e+01,2.255180759012539937e+01,1.968416213989257812e+01,8.503589630126953125e+00
6.010000000000000142e+01,2.189874800725186788e+01,9.209999999999999432e+01,2.280822820260254957e+01,1.902880668640136719e+01,8.208012580871582031e+00
6.150000000000000000e+01,2.124949119215486348e+01,9.170000000000000284e+01,2.101871274915407639e+01,2.081299781799316406e+01,8.399589061737060547e+00
6.029999999999999716e+01,2.231655119377739993e+01,9.250000000000000000e+01,2.295404277379330438e+01,2.040148735046386719e+01,9.139904975891113281e+00
6.150000000000000000e+01,2.038386853922239794e+01,9.109999999999999432e+01,2.021205663079992831e+01,1.925483703613281250e+01,8.951556682586669922e+00
6.229999999999999716e+01,2.098023968227619207e+01,9.209999999999999432e+01,1.983737749487772462e+01,2.133702278137207031e+01,8.696777820587158203e+00
6.089999999999999858e+01,2.268334977894669535e+01,9.340000000000000568e+01,2.209501605072883379e+01,2.081125259399414062e+01,8.713331222534179688e+00
5.989999999999999858e+01,2.229484541215669324e+01,9.340000000000000568e+01,2.273964319465709849e+01,2.165489196777343750e+01,8.379282951354980469e+00
5.970000000000000284e+01,2.371856529050531037e+01,9.450000000000000000e+01,2.400890362082352425e+01,2.311116218566894531e+01,7.750263214111328125e+00
5.989999999999999858e+01,2.458783903934864767e+01,9.540000000000000568e+01,2.416669414775777369e+01,2.347336769104003906e+01,7.436556816101074219e+00
6.089999999999999858e+01,2.342396069830412131e+01,9.470000000000000284e+01,2.198510661158577051e+01,2.391747474670410156e+01,7.025153636932373047e+00
6.089999999999999858e+01,2.246268296102232398e+01,9.359999999999999432e+01,2.162472471634455573e+01,2.138254165649414062e+01,7.638964653015136719e+00
6.050000000000000000e+01,2.161980070834765755e+01,9.279999999999999716e+01,2.176900876599534485e+01,2.133010864257812500e+01,7.103681564331054688e+00
5.970000000000000284e+01,2.122803783645018072e+01,9.300000000000000000e+01,2.224666473196982253e+01,2.222317695617675781e+01,6.688554286956787109e+00
5.989999999999999858e+01,1.941309757417179327e+01,9.100000000000000000e+01,2.112551349254314914e+01,2.043190002441406250e+01,6.449158191680908203e+00
5.939999999999999858e+01,2.125558557156074357e+01,9.279999999999999716e+01,2.276114902142062135e+01,2.001894950866699219e+01,6.701037883758544922e+00
5.860000000000000142e+01,2.158906969410599785e+01,9.270000000000000284e+01,2.434412938589275655e+01,1.886679649353027344e+01,6.724905967712402344e+00
5.889999999999999858e+01,1.997179323581334742e+01,9.100000000000000000e+01,2.275847115459101389e+01,1.883069992065429688e+01,7.483916282653808594e+00
5.860000000000000142e+01,2.117542347086386911e+01,9.170000000000000284e+01,2.399865906540899374e+01,1.989598274230957031e+01,7.060697078704833984e+00
5.920000000000000284e+01,2.221103659648335693e+01,9.279999999999999716e+01,2.392981152796403777e+01,2.016166687011718750e+01,7.103853225708007812e+00
5.920000000000000284e+01,2.311567671990116679e+01,9.290000000000000568e+01,2.490185814449585422e+01,1.959725379943847656e+01,6.657214164733886719e+00
5.970000000000000284e+01,2.292052808052693180e+01,9.340000000000000568e+01,2.383923685830858830e+01,1.888699531555175781e+01,6.104803085327148438e+00
6.029999999999999716e+01,2.303134187604076999e+01,9.370000000000000284e+01,2.299545317346278850e+01,1.943026542663574219e+01,6.486036777496337891e+00
6.089999999999999858e+01,2.317333720306736566e+01,9.409999999999999432e+01,2.230294321465981611e+01,1.812695503234863281e+01,7.330698966979980469e+00
6.150000000000000000e+01,2.358127062627441006e+01,9.509999999999999432e+01,2.165006139237330274e+01,1.730827331542968750e+01,7.648134231567382812e+00
6.150000000000000000e+01,2.382275643438009638e+01,9.450000000000000000e+01,2.192905894709453207e+01,1.887399673461914062e+01,6.848299503326416016e+00
6.029999999999999716e+01,2.314732803863909893e+01,9.409999999999999432e+01,2.279863352120761633e+01,2.085709571838378906e+01,7.107357978820800781e+00
6.010000000000000142e+01,2.333660317131153050e+01,9.359999999999999432e+01,2.352334606938766726e+01,2.173144340515136719e+01,7.087965011596679688e+00
6.029999999999999716e+01,2.305979205503358287e+01,9.379999999999999716e+01,2.293922658572478568e+01,2.018589973449707031e+01,7.142820358276367188e+00
6.029999999999999716e+01,2.209279538025552370e+01,9.350000000000000000e+01,2.214126412595866711e+01,2.037064552307128906e+01,6.531717777252197266e+00
6.089999999999999858e+01,2.067441632162542930e+01,9.170000000000000284e+01,2.132290062255072627e+01,2.234155654907226562e+01,6.089847087860107422e+00
6.050000000000000000e+01,2.319781964609101266e+01,9.409999999999999432e+01,2.269089636559223777e+01,2.462519645690917969e+01,6.423065662384033203e+00
6.089999999999999858e+01,2.092574964081693167e+01,9.209999999999999432e+01,2.126958837634996158e+01,2.512316703796386719e+01,6.770839691162109375e+00
5.989999999999999858e+01,2.221084025132608630e+01,9.359999999999999432e+01,2.248712544307824857e+01,2.283502578735351562e+01,7.575497627258300781e+00
5.970000000000000284e+01,2.269667082062365537e+01,9.409999999999999432e+01,2.318786155283626726e+01,2.357926368713378906e+01,7.479660511016845703e+00
6.089999999999999858e+01,2.146893847087354956e+01,9.290000000000000568e+01,2.098886473006958298e+01,2.100630760192871094e+01,7.958726882934570312e+00
6.229999999999999716e+01,2.104142781597177603e+01,9.290000000000000568e+01,1.963574033439936173e+01,1.887291908264160156e+01,8.065698146820068359e+00
6.440000000000000568e+01,1.965509675763104624e+01,9.209999999999999432e+01,1.732194292878196862e+01,2.025968551635742188e+01,7.959837913513183594e+00
6.420000000000000284e+01,2.048702646359392787e+01,9.300000000000000000e+01,1.753833602668402847e+01,2.223524093627929688e+01,7.251703739166259766e+00
6.260000000000000142e+01,2.095524524493887597e+01,9.340000000000000568e+01,1.884764606749079974e+01,2.274750709533691406e+01,7.386641502380371094e+00
6.229999999999999716e+01,1.993046563186318920e+01,9.209999999999999432e+01,1.893794735196754431e+01,2.155447006225585938e+01,8.176014423370361328e+00
6.229999999999999716e+01,2.097632303299340606e+01,9.309999999999999432e+01,1.947115250282272925e+01,2.032504081726074219e+01,8.822779655456542969e+00
6.229999999999999716e+01,2.103693363118854265e+01,9.340000000000000568e+01,1.948522445695864391e+01,1.830583572387695312e+01,8.584628105163574219e+00
6.329999999999999716e+01,1.858613672027103902e+01,9.209999999999999432e+01,1.676734173044549436e+01,1.906157493591308594e+01,8.803162574768066406e+00
6.540000000000000568e+01,1.776767317993946449e+01,9.170000000000000284e+01,1.509381430515949774e+01,1.741876602172851562e+01,9.544453620910644531e+00
6.329999999999999716e+01,1.948151066627249861e+01,9.300000000000000000e+01,1.743458993490028064e+01,1.857688903808593750e+01,8.964366912841796875e+00
4.229999999999999716e+01,3.421009633456707633e+01,1.799000000000000057e+02,1.344393424244492863e+01,3.763238906860351562e+01,1.733570218086242676e+01
4.229999999999999716e+01,3.430713515332163865e+01,1.799000000000000057e+02,1.399061764538451413e+01,4.012467384338378906e+01,1.730879426002502441e+01
4.200000000000000000e+01,3.344699421287661067e+01,1.799000000000000057e+02,1.239288735060877222e+01,4.015900611877441406e+01,1.691905260086059570e+01
4.200000000000000000e+01,3.389338178613405717e+01,1.799000000000000057e+02,1.343892258394153671e+01,4.170419692993164062e+01,1.684132575988769531e+01
4.179999999999999716e+01,3.205184188740268780e+01,1.799000000000000057e+02,1.271877344642519070e+01,3.933331489562988281e+01,1.660301327705383301e+01
4.150000000000000000e+01,3.201162916208195952e+01,1.799000000000000057e+02,1.161718788510083655e+01,4.069388389587402344e+01,1.679734945297241211e+01
4.139999999999999858e+01,3.341251696983452746e+01,1.799000000000000057e+02,1.017376151867146739e+01,4.099333763122558594e+01,1.715234518051147461e+01
4.150000000000000000e+01,3.216177646590205796e+01,1.799000000000000057e+02,1.131516386440578614e+01,4.104077339172363281e+01,1.688385963439941406e+01
4.160000000000000142e+01,3.142630133208204413e+01,1.799000000000000057e+02,1.184940524599484846e+01,4.005908012390136719e+01,1.724348902702331543e+01
4.139999999999999858e+01,2.786563050784856088e+01,1.799000000000000057e+02,1.289561043620719438e+01,4.205592155456542969e+01,1.777129173278808594e+01
4.160000000000000142e+01,3.243344604512766693e+01,1.799000000000000057e+02,1.146418903753584573e+01,4.428860664367675781e+01,1.725390076637268066e+01
4.160000000000000142e+01,3.119232933490244974e+01,1.799000000000000057e+02,1.232335508119266976e+01,4.251490592956542969e+01,1.758251428604125977e+01
4.160000000000000142e+01,3.035512268962572335e+01,1.799000000000000057e+02,1.321979685497566237e+01,4.493203163146972656e+01,1.720233321189880371e+01
4.170000000000000284e+01,3.242610457534306079e+01,1.799000000000000057e+02,1.224786107331343032e+01,4.310455322265625000e+01,1.799000024795532227e+01
4.189999999999999858e+01,3.217796888525119670e+01,1.799000000000000057e+02,1.313526478779966311e+01,4.519762039184570312e+01,1.766934514045715332e+01
4.179999999999999716e+01,3.246591044054677866e+01,1.799000000000000057e+02,1.240000833057716179e+01,4.493449211120605469e+01,1.717737078666687012e+01
4.200000000000000000e+01,3.170772807865749598e+01,1.799000000000000057e+02,1.342505442783147807e+01,4.713592529296875000e+01,1.729414820671081543e+01
4.200000000000000000e+01,3.182487665543165534e+01,1.799000000000000057e+02,1.275798152590369838e+01,4.905594825744628906e+01,1.771780014038085938e+01
4.229999999999999716e+01,3.196747456850554414e+01,1.799000000000000057e+02,1.478902997894082816e+01,4.651127815246582031e+01,1.862861156463623047e+01
4.260000000000000142e+01,3.341114389236850712e+01,1.799000000000000057e+02,1.451413202151516657e+01,4.457305908203125000e+01,1.918833971023559570e+01
4.260000000000000142e+01,3.386126804019606595e+01,1.799000000000000057e+02,1.557055762074820215e+01,4.704155921936035156e+01,1.811765313148498535e+01
4.300000000000000000e+01,3.238085231295669786e+01,1.799000000000000057e+02,1.707341120039704307e+01,4.443402290344238281e+01,1.881823062896728516e+01
4.320000000000000284e+01,3.265601026000415175e+01,1.799000000000000057e+02,1.760339298626465165e+01,4.205261230468750000e+01,1.939662575721740723e+01
4.320000000000000284e+01,3.271612000750484839e+01,1.799000000000000057e+02,1.744352774093317038e+01,4.307589530944824219e+01,1.953482151031494141e+01
4.320000000000000284e+01,3.444324215871966999e+01,1.799000000000000057e+02,1.642498585868353445e+01,4.532791137695312500e+01,1.915109276771545410e+01
4.320000000000000284e+01,3.488207024197877359e+01,1.799000000000000057e+02,1.624123052549444424e+01,4.794485092163085938e+01,1.918719053268432617e+01
4.279999999999999716e+01,3.332665563457933189e+01,1.799000000000000057e+02,1.565396405283492776e+01,4.598344802856445312e+01,1.920867204666137695e+01
4.260000000000000142e+01,3.451876939145862622e+01,1.799000000000000057e+02,1.464685859059394701e+01,4.535759925842285156e+01,1.935879945755004883e+01
4.260000000000000142e+01,3.686018370075358064e+01,1.799000000000000057e+02,1.283371585408547588e+01,4.751704216003417969e+01,1.831658124923706055e+01
4.250000000000000000e+01,3.414208234892267058e+01,1.799000000000000057e+02,1.478432782628618369e+01,4.823415756225585938e+01,1.835448980331420898e+01
4.260000000000000142e+01,3.548992541391940136e+01,1.799000000000000057e+02,1.501823635579609828e+01,4.752054214477539062e+01,1.814303874969482422e+01
4.260000000000000142e+01,3.377572494181036689e+01,1.799000000000000057e+02,1.510686607957891070e+01,4.885704994201660156e+01,1.849442720413208008e+01
4.260000000000000142e+01,3.439142465304249185e+01,1.799000000000000057e+02,1.610706345834493547e+01,5.069993972778320312e+01,1.793262243270874023e+01
4.279999999999999716e+01,3.542327367582549869e+01,1.799000000000000057e+02,1.555655205975222799e+01,4.852440834045410156e+01,1.888737201690673828e+01
4.260000000000000142e+01,3.300722041393482442e+01,1.799000000000000057e+02,1.573864121352519163e+01,4.821253776550292969e+01,1.943331718444824219e+01
4.229999999999999716e+01,3.216487458940846977e+01,1.799000000000000057e+02,1.487868450766242923e+01,4.978278160095214844e+01,1.910776376724243164e+01
4.229999999999999716e+01,3.334315293955924631e+01,1.799000000000000057e+02,1.517020411108237887e+01,5.229203224182128906e+01,1.860580205917358398e+01
4.220000000000000284e+01,3.240385248145173591e+01,1.799000000000000057e+02,1.464898606804680270e+01,5.149674415588378906e+01,1.907316207885742188e+01
4.229999999999999716e+01,3.104976931140896568e+01,1.799000000000000057e+02,1.604354303297607487e+01,5.039572715759277344e+01,1.996528267860412598e+01
4.229999999999999716e+01,3.398009390976964994e+01,1.799000000000000057e+02,1.414836969380960241e+01,5.107367515563964844e+01,2.008511781692504883e+01
4.210000000000000142e+01,3.464302459823920799e+01,1.799000000000000057e+02,1.272305494265919634e+01,5.358519554138183594e+01,2.020025968551635742e+01
4.200000000000000000e+01,3.261324266323154575e+01,1.799000000000000057e+02,1.312487553116025296e+01,5.342091560363769531e+01,2.031664848327636719e+01
4.200000000000000000e+01,2.986997947032108414e+01,1.799000000000000057e+02,1.526938623568474895e+01,5.396441459655761719e+01,2.000261306762695312e+01
4.189999999999999858e+01,2.853076908060248940e+01,1.799000000000000057e+02,1.580526388137125871e+01,5.484545707702636719e+01,1.961278438568115234e+01
4.220000000000000284e+01,2.853336664743874351e+01,1.799000000000000057e+02,1.680755982022323280e+01,5.280219078063964844e+01,2.060171365737915039e+01
4.229999999999999716e+01,2.566158873916411665e+01,1.799000000000000057e+02,1.846853261434053550e+01,5.298328399658203125e+01,2.134657382965087891e+01
4.200000000000000000e+01,2.238366558625602210e+01,1.799000000000000057e+02,1.914102909901975380e+01,5.270288467407226562e+01,2.180284976959228516e+01
4.200000000000000000e+01,2.302960002373980686e+01,1.799000000000000057e+02,1.857864088873132857e+01,5.231495857238769531e+01,2.166024684906005859e+01
4.220000000000000284e+01,2.268503445838858568e+01,1.799000000000000057e+02,1.918747926974181794e+01,5.302042007446289062e+01,2.125370979309082031e+01
4.220000000000000284e+01,2.171901753033330351e+01,1.799000000000000057e+02,2.128276928435020565e+01,5.057956695556640625e+01,2.152188777923583984e+01
4.250000000000000000e+01,2.063582780699746877e+01,1.799000000000000057e+02,2.303325055957987999e+01,5.050183296203613281e+01,2.196353912353515625e+01
6.089999999999999858e+01,2.160178638686669927e+01,1.197999999999999972e+02,6.948929319621319323e+00,8.045778274536132812e+00,2.152664661407470703e+01
6.089999999999999858e+01,1.961160363375254789e+01,1.195000000000000000e+02,6.677318500092892961e+00,1.012638092041015625e+01,2.104487180709838867e+01
6.229999999999999716e+01,1.803426744591265418e+01,1.192000000000000028e+02,5.391384428521341476e+00,8.112392425537109375e+00,2.170372962951660156e+01
6.050000000000000000e+01,1.841476109148132068e+01,1.195000000000000000e+02,6.431672194101328621e+00,9.638853073120117188e+00,2.133143424987792969e+01
6.110000000000000142e+01,1.715407189287757816e+01,1.192000000000000028e+02,6.640780569847430037e+00,8.452873229980468750e+00,2.123453855514526367e+01
6.089999999999999858e+01,1.481473166520764195e+01,1.187000000000000028e+02,7.767741815460697197e+00,1.017278671264648438e+01,2.043662309646606445e+01
6.050000000000000000e+01,1.327201396290292479e+01,1.184000000000000057e+02,9.130346213089630680e+00,9.506053924560546875e+00,1.998575687408447266e+01
6.089999999999999858e+01,1.284577516521850526e+01,1.179000000000000057e+02,9.555847539701105120e+00,7.383356094360351562e+00,1.959475159645080566e+01
5.939999999999999858e+01,1.557624569466288911e+01,1.189000000000000057e+02,1.107862100620522661e+01,6.896467208862304688e+00,1.916569590568542480e+01
6.089999999999999858e+01,1.414017513388875358e+01,1.180999999999999943e+02,1.082170865298553331e+01,5.159521102905273438e+00,1.912863731384277344e+01
6.050000000000000000e+01,1.533886047092366667e+01,1.185999999999999943e+02,1.061373784023433942e+01,6.519088745117187500e+00,1.939951300621032715e+01
6.050000000000000000e+01,1.745773097522072703e+01,1.190999999999999943e+02,9.252424889606228220e+00,5.181045532226562500e+00,1.976899981498718262e+01
6.089999999999999858e+01,1.754718946282210013e+01,1.192000000000000028e+02,8.386864864029160316e+00,3.468885421752929688e+00,2.037135601043701172e+01
6.089999999999999858e+01,1.856064869002220874e+01,1.192000000000000028e+02,8.403538777843621688e+00,3.478994369506835938e+00,2.079593658447265625e+01
6.150000000000000000e+01,1.877128228151114442e+01,1.190999999999999943e+02,8.741240046679648046e+00,2.233800888061523438e+00,2.051295280456542969e+01
6.029999999999999716e+01,1.975328057204615817e+01,1.195000000000000000e+02,9.518593321329490209e+00,2.869186401367187500e+00,2.020388603210449219e+01
6.229999999999999716e+01,1.873406200207260852e+01,1.190000000000000000e+02,8.567342161735449935e+00,4.344167709350585938e+00,2.062209129333496094e+01
6.150000000000000000e+01,2.089898914372060901e+01,1.194000000000000057e+02,8.841829444134196692e+00,5.619993209838867188e+00,2.039867162704467773e+01
6.150000000000000000e+01,1.895706634821655712e+01,1.192000000000000028e+02,9.148452591319914617e+00,5.999469757080078125e+00,1.997302532196044922e+01
6.089999999999999858e+01,2.203264125005203411e+01,1.197999999999999972e+02,8.877621027532818232e+00,6.783132553100585938e+00,1.935579538345336914e+01
6.050000000000000000e+01,2.417069169170687815e+01,1.200999999999999943e+02,8.968075209707087936e+00,7.610082626342773438e+00,1.861031293869018555e+01
6.150000000000000000e+01,2.511942698883293446e+01,1.200999999999999943e+02,8.284864014266519305e+00,9.938306808471679688e+00,1.826101779937744141e+01
6.029999999999999716e+01,2.707135818547238060e+01,1.205000000000000000e+02,8.583545922915709170e+00,8.189077377319335938e+00,1.904993295669555664e+01
6.029999999999999716e+01,2.794675126293857659e+01,1.205999999999999943e+02,7.622304759268222263e+00,8.734006881713867188e+00,1.926060676574707031e+01
6.089999999999999858e+01,2.761550654378033798e+01,1.205000000000000000e+02,7.115447909458799458e+00,1.099290847778320312e+01,1.968040585517883301e+01
6.089999999999999858e+01,2.714138817187175334e+01,1.204000000000000057e+02,8.114038777491327181e+00,9.940176010131835938e+00,1.974241018295288086e+01
6.110000000000000142e+01,2.457083227773708600e+01,1.200000000000000000e+02,8.803463646455419678e+00,1.065520286560058594e+01,1.962447404861450195e+01
6.089999999999999858e+01,2.357246526665823438e+01,1.199000000000000057e+02,9.162222332842258510e+00,8.316755294799804688e+00,1.934625387191772461e+01
6.089999999999999858e+01,2.214561244646009897e+01,1.197999999999999972e+02,9.205070984245123711e+00,6.255521774291992188e+00,2.010499000549316406e+01
5.989999999999999858e+01,2.363261733554197974e+01,1.202000000000000028e+02,9.573295345288720171e+00,8.349266052246093750e+00,1.954721927642822266e+01
5.939999999999999858e+01,2.268737768567003599e+01,1.200999999999999943e+02,1.102211242809438474e+01,8.979644775390625000e+00,1.898386597633361816e+01
5.939999999999999858e+01,2.004648545701709494e+01,1.195999999999999943e+02,1.143561850500743482e+01,8.873777389526367188e+00,1.852041482925415039e+01
5.989999999999999858e+01,2.166633182024692417e+01,1.197999999999999972e+02,1.091859038631574741e+01,9.430952072143554688e+00,1.875222682952880859e+01
5.950000000000000000e+01,2.404887322623713075e+01,1.202000000000000028e+02,1.088698185503814919e+01,8.276329040527343750e+00,1.863392591476440430e+01
5.989999999999999858e+01,2.442649459552987423e+01,1.202000000000000028e+02,1.043430646669957262e+01,1.002732276916503906e+01,1.811291217803955078e+01
5.920000000000000284e+01,2.754246732039480250e+01,1.207000000000000028e+02,1.119293699338631320e+01,8.951539993286132812e+00,1.784632921218872070e+01
5.950000000000000000e+01,2.615151273469724558e+01,1.204000000000000057e+02,1.176069886283621102e+01,1.182926177978515625e+01,1.781888365745544434e+01
6.029999999999999716e+01,2.667741712350320782e+01,1.202999999999999972e+02,1.113456688214144563e+01,1.263648986816406250e+01,1.809534072875976562e+01
6.029999999999999716e+01,2.514984286736034491e+01,1.200999999999999943e+02,1.094021589350539614e+01,1.234125137329101562e+01,1.744534492492675781e+01
6.089999999999999858e+01,2.482213722793039778e+01,1.199000000000000057e+02,1.062648255187357016e+01,1.018224716186523438e+01,1.780477285385131836e+01
6.050000000000000000e+01,2.317906753523826779e+01,1.197999999999999972e+02,1.126181146085530926e+01,9.173555374145507812e+00,1.790558218955993652e+01
6.029999999999999716e+01,2.255314245552725438e+01,1.197999999999999972e+02,1.101800275313314259e+01,9.101467132568359375e+00,1.828444361686706543e+01
5.920000000000000284e+01,2.234167141613979979e+01,1.200999999999999943e+02,1.181887015959256715e+01,8.441333770751953125e+00,1.865774393081665039e+01
5.939999999999999858e+01,1.989438866886261437e+01,1.195999999999999943e+02,1.181693195271865271e+01,7.595262527465820312e+00,1.855732679367065430e+01
5.970000000000000284e+01,2.054275091518247365e+01,1.197999999999999972e+02,1.008407843866942954e+01,4.993467330932617188e+00,1.895503520965576172e+01
6.089999999999999858e+01,1.923913268030713652e+01,1.192999999999999972e+02,8.972362097115230029e+00,3.013095855712890625e+00,1.957787513732910156e+01
4.200000000000000000e+01,1.382452829840260522e+00,1.207999999999999972e+02,1.341177539826754206e+01,2.614552497863769531e+01,1.703184247016906738e+01
5.570000000000000284e+01,1.430856734894834226e+01,1.202000000000000028e+02,1.609044000272501052e+01,8.790731430053710938e+00,1.097875118255615234e+01
5.550000000000000000e+01,1.535214914618290472e+01,1.204000000000000057e+02,1.762728705794084760e+01,1.026883125305175781e+01,1.078289031982421875e+01
5.560000000000000142e+01,1.860997824718333504e+01,1.209000000000000057e+02,1.671961971415649728e+01,8.035116195678710938e+00,1.107161760330200195e+01
5.539999999999999858e+01,2.166439399058763371e+01,1.215000000000000000e+02,1.663134777336637526e+01,8.771858215332031250e+00,1.149020910263061523e+01
5.520000000000000284e+01,2.118838772280181715e+01,1.215000000000000000e+02,1.618586309984194571e+01,8.104009628295898438e+00,1.193486690521240234e+01
5.550000000000000000e+01,2.031577239641732646e+01,1.212000000000000028e+02,1.580235763195913457e+01,9.252090454101562500e+00,1.096679687500000000e+01
5.500000000000000000e+01,2.267105776196266831e+01,1.217000000000000028e+02,1.686798624751385134e+01,7.091150283813476562e+00,1.150982856750488281e+01
5.479999999999999716e+01,2.204483947338120942e+01,1.215999999999999943e+02,1.779909530345573287e+01,8.344488143920898438e+00,1.130876064300537109e+01
5.500000000000000000e+01,2.159748497101944764e+01,1.215000000000000000e+02,1.612899475431965612e+01,8.034706115722656250e+00,1.172066688537597656e+01
5.529999999999999716e+01,2.067468880194255831e+01,1.212999999999999972e+02,1.722176038595256387e+01,9.604768753051757812e+00,1.097819328308105469e+01
5.570000000000000284e+01,2.027747856666077553e+01,1.210999999999999943e+02,1.678565801027071558e+01,7.813453674316406250e+00,1.097742319107055664e+01
5.600000000000000000e+01,1.795855658438091496e+01,1.205999999999999943e+02,1.631140818453479824e+01,5.106153488159179688e+00,1.140195369720458984e+01
5.550000000000000000e+01,1.850385750946236030e+01,1.209000000000000057e+02,1.570257367702067697e+01,6.956624984741210938e+00,1.098892688751220703e+01
5.579999999999999716e+01,1.704173498680022192e+01,1.205999999999999943e+02,1.420449645458135635e+01,9.312181472778320312e+00,1.121209144592285156e+01
5.579999999999999716e+01,1.702665541769238189e+01,1.207000000000000028e+02,1.262632397777408144e+01,1.140893936157226562e+01,1.090226173400878906e+01
5.650000000000000000e+01,1.657393777346297981e+01,1.202999999999999972e+02,1.151085935891244105e+01,1.407833099365234375e+01,1.071958065032958984e+01
5.689999999999999858e+01,1.899313461699932049e+01,1.205000000000000000e+02,1.110492314194598151e+01,1.517151832580566406e+01,1.006513118743896484e+01
5.629999999999999716e+01,1.742330114169120492e+01,1.205000000000000000e+02,1.208325534652437305e+01,1.505548477172851562e+01,9.746828079223632812e+00
5.579999999999999716e+01,1.770420146128792993e+01,1.207000000000000028e+02,1.235570002789851785e+01,1.624081611633300781e+01,9.004616737365722656e+00
5.610000000000000142e+01,1.903963105628113794e+01,1.209000000000000057e+02,1.125534487345172430e+01,1.729855537414550781e+01,8.059949874877929688e+00
5.579999999999999716e+01,1.825791678267722062e+01,1.209000000000000057e+02,1.204612789264113637e+01,1.801773071289062500e+01,8.600797653198242188e+00
5.579999999999999716e+01,1.860882105925799479e+01,1.209000000000000057e+02,1.296865056980367470e+01,1.976868629455566406e+01,9.029762744903564453e+00
5.579999999999999716e+01,1.757276760412623062e+01,1.207000000000000028e+02,1.292400222448049618e+01,1.903335571289062500e+01,9.329342842102050781e+00
5.620000000000000284e+01,1.859744482073845973e+01,1.207000000000000028e+02,1.191559856702847142e+01,1.800195693969726562e+01,9.199044704437255859e+00
5.579999999999999716e+01,2.043767626401200133e+01,1.210999999999999943e+02,1.292910833394131132e+01,1.862896919250488281e+01,9.385213851928710938e+00
5.620000000000000284e+01,2.008996780509053082e+01,1.210000000000000000e+02,1.118348448962285246e+01,1.703598976135253906e+01,9.865241050720214844e+00
5.629999999999999716e+01,2.269817894930877955e+01,1.212999999999999972e+02,1.024337547835022555e+01,1.956190109252929688e+01,8.829712867736816406e+00
5.600000000000000000e+01,2.375787639362313541e+01,1.215999999999999943e+02,9.794973853564089339e+00,1.816953659057617188e+01,9.282803535461425781e+00
5.679999999999999716e+01,2.405684712552802296e+01,1.212999999999999972e+02,8.924924141510839348e+00,1.676162719726562500e+01,9.319629669189453125e+00
5.720000000000000284e+01,2.112911306917117571e+01,1.207999999999999972e+02,8.071329566928106658e+00,1.843842506408691406e+01,8.508903980255126953e+00
5.700000000000000000e+01,2.356466751801664117e+01,1.212000000000000028e+02,7.729086736093824683e+00,2.112177848815917969e+01,8.482022285461425781e+00
5.739999999999999858e+01,2.137507110181958936e+01,1.207999999999999972e+02,6.619928180824424579e+00,2.040690422058105469e+01,8.365972042083740234e+00
5.789999999999999858e+01,2.058225793348984212e+01,1.205000000000000000e+02,6.631265126167238400e+00,1.995451927185058594e+01,7.777481079101562500e+00
5.760000000000000142e+01,2.341414282092525312e+01,1.210000000000000000e+02,6.855049978352255380e+00,1.933360099792480469e+01,7.223253250122070312e+00
5.789999999999999858e+01,2.274440654817200169e+01,1.209000000000000057e+02,5.580009029995956382e+00,1.809952735900878906e+01,7.672262191772460938e+00
5.789999999999999858e+01,2.407578386351113409e+01,1.210000000000000000e+02,5.236405760987797642e+00,1.576832771301269531e+01,8.607654571533203125e+00
5.810000000000000142e+01,2.535235029979300236e+01,1.210000000000000000e+02,5.463242584195019624e+00,1.669107437133789062e+01,8.449113368988037109e+00
5.810000000000000142e+01,2.684965381286480834e+01,1.212999999999999972e+02,4.255674115225513532e+00,1.547491073608398438e+01,9.001176357269287109e+00
5.829999999999999716e+01,2.666252979093074771e+01,1.212000000000000028e+02,4.082809325414405777e+00,1.555399894714355469e+01,8.410825729370117188e+00
5.739999999999999858e+01,2.760607373690005772e+01,1.215000000000000000e+02,4.424971921434094568e+00,1.620685577392578125e+01,8.887770175933837891e+00
5.739999999999999858e+01,2.815517583419477177e+01,1.215999999999999943e+02,5.359169023204010784e+00,1.849409103393554688e+01,8.791089057922363281e+00
5.689999999999999858e+01,2.882053615414638159e+01,1.217999999999999972e+02,6.156948858501982258e+00,1.815715789794921875e+01,9.036679267883300781e+00
5.689999999999999858e+01,2.949335138613142249e+01,1.217999999999999972e+02,7.239007224886812253e+00,2.093868255615234375e+01,9.202525615692138672e+00
5.639999999999999858e+01,2.974084087266358623e+01,1.220999999999999943e+02,7.670333969708806876e+00,2.188965797424316406e+01,9.926640987396240234e+00
5.639999999999999858e+01,2.862603188234327689e+01,1.220000000000000000e+02,7.383049416568203682e+00,2.234847068786621094e+01,1.008608818054199219e+01
5.670000000000000284e+01,3.116812578569758330e+01,1.222000000000000028e+02,6.006920519554601157e+00,2.237236976623535156e+01,9.602689743041992188e+00
5.670000000000000284e+01,3.368404093689380829e+01,1.225000000000000000e+02,4.749260293925150478e+00,2.444006919860839844e+01,8.485479354858398438e+00
5.620000000000000284e+01,3.382042300351295694e+01,1.227999999999999972e+02,4.349511169683667688e+00,2.238534927368164062e+01,9.071090221405029297e+00
5.570000000000000284e+01,3.409878045941586322e+01,1.227999999999999972e+02,4.970653783024725492e+00,2.054776191711425781e+01,9.094638824462890625e+00
5.529999999999999716e+01,3.345791445630308658e+01,1.230000000000000000e+02,5.844181040486616574e+00,1.847304344177246094e+01,9.942409992218017578e+00
5.500000000000000000e+01,3.275459299874298580e+01,1.230000000000000000e+02,6.647414461960644338e+00,1.894207954406738281e+01,1.039997816085815430e+01
7.000000000000000000e+01,2.393035753533060017e+01,9.829999999999999716e+01,1.303725713759940774e+01,5.866956710815429688e+00,1.495557785034179688e+01
7.000000000000000000e+01,2.404558533614580540e+01,9.790000000000000568e+01,1.352757953960334447e+01,8.138866424560546875e+00,1.486923694610595703e+01
7.000000000000000000e+01,2.425956783334098077e+01,9.690000000000000568e+01,1.454023927977232589e+01,6.587915420532226562e+00,1.474045515060424805e+01
7.000000000000000000e+01,2.393728187283954512e+01,9.759999999999999432e+01,1.436505555948381208e+01,6.938657760620117188e+00,1.547222137451171875e+01
7.000000000000000000e+01,2.676217859834678947e+01,9.979999999999999716e+01,1.668386244890042036e+01,9.443702697753906250e+00,1.564548254013061523e+01
7.000000000000000000e+01,2.819178959482560742e+01,1.179000000000000057e+02,1.644185056389500232e+01,8.969430923461914062e+00,1.485665798187255859e+01
7.000000000000000000e+01,2.557305010804783052e+01,9.870000000000000284e+01,1.532873950196819557e+01,8.402814865112304688e+00,1.550593376159667969e+01
7.000000000000000000e+01,2.779782998962208751e+01,9.959999999999999432e+01,1.778807511959158560e+01,1.021098136901855469e+01,1.549365997314453125e+01
6.420000000000000284e+01,3.186934366502021732e+01,1.190000000000000000e+02,1.996934492177121356e+01,8.687391281127929688e+00,1.616256237030029297e+01
6.260000000000000142e+01,3.200456833771060872e+01,1.192000000000000028e+02,2.077685512309633964e+01,6.220960617065429688e+00,1.642580032348632812e+01
6.329999999999999716e+01,3.082804698026002299e+01,1.189000000000000057e+02,1.994344927048449989e+01,8.291311264038085938e+00,1.554590702056884766e+01
6.540000000000000568e+01,2.878718451213349994e+01,1.180999999999999943e+02,1.990960810669360725e+01,9.601135253906250000e+00,1.566835165023803711e+01
6.659999999999999432e+01,2.631632132663348500e+01,9.720000000000000284e+01,1.900637861759718561e+01,1.075921058654785156e+01,1.610608100891113281e+01
6.659999999999999432e+01,2.792749858155161391e+01,9.829999999999999716e+01,1.996233559702878679e+01,1.234714508056640625e+01,1.567147731781005859e+01
7.000000000000000000e+01,2.491194185123627847e+01,9.650000000000000000e+01,1.705186499695411939e+01,1.021899223327636719e+01,1.571056842803955078e+01
7.000000000000000000e+01,2.634997167409864716e+01,9.759999999999999432e+01,1.821469335842918724e+01,1.145809173583984375e+01,1.564625978469848633e+01
6.659999999999999432e+01,2.934539756427573565e+01,1.179000000000000057e+02,2.022476120530275168e+01,1.432964324951171875e+01,1.476902961730957031e+01
6.700000000000000000e+01,3.023621655476438974e+01,1.184000000000000057e+02,1.941489921943974295e+01,1.345624923706054688e+01,1.431143760681152344e+01
6.540000000000000568e+01,3.140977656586633415e+01,1.187000000000000028e+02,2.048410153701671987e+01,1.258290290832519531e+01,1.508814096450805664e+01
6.550000000000000000e+01,3.067797497878217072e+01,1.180999999999999943e+02,2.048437019460265418e+01,1.211864471435546875e+01,1.437392234802246094e+01
7.000000000000000000e+01,2.999815132829789377e+01,1.184000000000000057e+02,1.873713242466553908e+01,9.572896957397460938e+00,1.501527786254882812e+01
7.000000000000000000e+01,2.862671174851577049e+01,9.900000000000000000e+01,1.954832217133003169e+01,6.994733810424804688e+00,1.508864879608154297e+01
7.000000000000000000e+01,2.867213431559920878e+01,9.929999999999999716e+01,1.890843695042186567e+01,8.612718582153320312e+00,1.460802078247070312e+01
7.000000000000000000e+01,2.801503866160382827e+01,9.900000000000000000e+01,1.867975364924673087e+01,8.597183227539062500e+00,1.464592933654785156e+01
7.000000000000000000e+01,2.887398183244222949e+01,9.959999999999999432e+01,1.919748900438414196e+01,9.915657043457031250e+00,1.483727931976318359e+01
6.659999999999999432e+01,2.818072995023289806e+01,9.900000000000000000e+01,1.960696054522719223e+01,9.726943969726562500e+00,1.446746587753295898e+01
7.000000000000000000e+01,2.559137165142350767e+01,9.690000000000000568e+01,1.807238756810095026e+01,8.296442031860351562e+00,1.415868759155273438e+01
7.000000000000000000e+01,2.468653465016964077e+01,9.570000000000000284e+01,1.779475812099814291e+01,7.433433532714843750e+00,1.472683906555175781e+01
7.000000000000000000e+01,2.462833306545236667e+01,9.509999999999999432e+01,1.835517640139353546e+01,5.206718444824218750e+00,1.541993856430053711e+01
7.000000000000000000e+01,2.457128885618750758e+01,9.509999999999999432e+01,1.751109781944586530e+01,7.064695358276367188e+00,1.539279460906982422e+01
7.000000000000000000e+01,2.327774022152589239e+01,9.429999999999999716e+01,1.620526012027406182e+01,6.525077819824218750e+00,1.613066911697387695e+01
7.000000000000000000e+01,2.385554487197092044e+01,9.470000000000000284e+01,1.732368127322780182e+01,4.083108901977539062e+00,1.628973484039306641e+01
7.000000000000000000e+01,2.442026311317846776e+01,9.459999999999999432e+01,1.775658782346118514e+01,3.997354507446289062e+00,1.606099605560302734e+01
7.000000000000000000e+01,2.541989332781763622e+01,9.509999999999999432e+01,1.796269097139220960e+01,4.252681732177734375e+00,1.569317340850830078e+01
7.000000000000000000e+01,2.470517644604608520e+01,9.409999999999999432e+01,1.832658579137369514e+01,5.089044570922851562e+00,1.506711721420288086e+01
7.000000000000000000e+01,2.524613672428539957e+01,9.409999999999999432e+01,1.942545407122894119e+01,7.342634201049804688e+00,1.446262836456298828e+01
6.470000000000000284e+01,2.874085846541700562e+01,9.600000000000000000e+01,2.266694967831814722e+01,8.710222244262695312e+00,1.391171932220458984e+01
6.470000000000000284e+01,2.963360320012662896e+01,9.600000000000000000e+01,2.323796863760003717e+01,1.152132034301757812e+01,1.376960754394531250e+01
6.260000000000000142e+01,3.196085080395292266e+01,9.759999999999999432e+01,2.593637971635288508e+01,1.259761810302734375e+01,1.299603462219238281e+01
6.150000000000000000e+01,3.525210656350777327e+01,1.002999999999999972e+02,2.871976400496320636e+01,1.369642257690429688e+01,1.226100444793701172e+01
6.150000000000000000e+01,3.528465276418368290e+01,1.005000000000000000e+02,2.809530256933000913e+01,1.631609916687011719e+01,1.162652969360351562e+01
6.150000000000000000e+01,3.814283466347999507e+01,1.190999999999999943e+02,2.777616645205709389e+01,1.401280403137207031e+01,1.205033302307128906e+01
6.089999999999999858e+01,3.901795181946853575e+01,1.195999999999999943e+02,2.763509000639587043e+01,1.169817924499511719e+01,1.282202959060668945e+01
5.989999999999999858e+01,4.107631475484154748e+01,1.781999999999999886e+02,2.837326413979385009e+01,9.771089553833007812e+00,1.267789125442504883e+01
6.089999999999999858e+01,3.891702250307714905e+01,1.195000000000000000e+02,2.852200338473845775e+01,1.054179191589355469e+01,1.202571868896484375e+01
6.089999999999999858e+01,3.918680927808640746e+01,1.192000000000000028e+02,2.936323154596591323e+01,1.110349655151367188e+01,1.155497312545776367e+01
6.010000000000000142e+01,3.955203437396281174e+01,1.786999999999999886e+02,3.012917733299808276e+01,9.166154861450195312e+00,1.186990261077880859e+01
6.050000000000000000e+01,3.997202119561910649e+01,1.197999999999999972e+02,2.959619680853888468e+01,1.133229255676269531e+01,1.196615695953369141e+01
6.029999999999999716e+01,4.084733871120842252e+01,1.202000000000000028e+02,2.815219569721779536e+01,9.621648788452148438e+00,1.206689357757568359e+01
6.089999999999999858e+01,4.072608299795945896e+01,1.200999999999999943e+02,2.766538212675151343e+01,9.371519088745117188e+00,1.219422340393066406e+01
6.089999999999999858e+01,3.967111452983351683e+01,1.199000000000000057e+02,2.663219112381040077e+01,1.019877433776855469e+01,1.166218519210815430e+01
5.770000000000000284e+01,2.800434029410257608e+01,1.212999999999999972e+02,1.377404571385563514e+01,2.927888870239257812e+01,7.680361270904541016e+00
5.770000000000000284e+01,2.656747895308878427e+01,1.210999999999999943e+02,1.421669234620085831e+01,2.886261940002441406e+01,7.091786861419677734e+00
5.789999999999999858e+01,2.501879942571592963e+01,1.207999999999999972e+02,1.445322351769378244e+01,2.938328742980957031e+01,6.787862777709960938e+00
5.829999999999999716e+01,2.507435895020955741e+01,1.207000000000000028e+02,1.333343983861370496e+01,3.056051254272460938e+01,6.268076896667480469e+00
5.829999999999999716e+01,2.620385793889045090e+01,1.207000000000000028e+02,1.298629115296591863e+01,3.159049034118652344e+01,6.318535804748535156e+00
5.829999999999999716e+01,2.716381534844067147e+01,1.209000000000000057e+02,1.318325395826493285e+01,3.168627738952636719e+01,6.499619483947753906e+00
5.889999999999999858e+01,2.721218069514335980e+01,1.207000000000000028e+02,1.280184033079852846e+01,3.273665428161621094e+01,6.797201633453369141e+00
6.010000000000000142e+01,2.502157943511446092e+01,1.200999999999999943e+02,1.134584815332362773e+01,3.182883262634277344e+01,7.452154159545898438e+00
5.939999999999999858e+01,2.503313268681529991e+01,1.202999999999999972e+02,1.223521870197668626e+01,3.061742782592773438e+01,8.315775394439697266e+00
5.920000000000000284e+01,2.565409445637923724e+01,1.204000000000000057e+02,1.329345836900670541e+01,3.078425407409667969e+01,7.805256843566894531e+00
5.829999999999999716e+01,2.658100326291319959e+01,1.207999999999999972e+02,1.411033946552941387e+01,2.883214950561523438e+01,8.488805294036865234e+00
5.860000000000000142e+01,2.645737851635507454e+01,1.207000000000000028e+02,1.455633063930480908e+01,2.652217864990234375e+01,9.488480091094970703e+00
5.789999999999999858e+01,2.603614760461028510e+01,1.207000000000000028e+02,1.566354423195142509e+01,2.832095146179199219e+01,9.422328472137451172e+00
5.789999999999999858e+01,2.873083225593471468e+01,1.210999999999999943e+02,1.495281273207093697e+01,2.944096565246582031e+01,9.763753414154052734e+00
5.750000000000000000e+01,2.864176116763090363e+01,1.212999999999999972e+02,1.582939475140444863e+01,2.919543266296386719e+01,9.422354698181152344e+00
5.829999999999999716e+01,2.898042651896212263e+01,1.210999999999999943e+02,1.494239289569212481e+01,3.102480888366699219e+01,9.576938152313232422e+00
5.789999999999999858e+01,3.014653749191829490e+01,1.212999999999999972e+02,1.512162709608642430e+01,3.143789291381835938e+01,8.981595039367675781e+00
5.739999999999999858e+01,3.103603757444611233e+01,1.217999999999999972e+02,1.487921364310452255e+01,3.270262718200683594e+01,8.973550796508789062e+00
5.760000000000000142e+01,2.983532487167538605e+01,1.215000000000000000e+02,1.568441523509666524e+01,3.397829055786132812e+01,8.830976486206054688e+00
5.810000000000000142e+01,2.834811735008258538e+01,1.210999999999999943e+02,1.544718326266821862e+01,3.222777366638183594e+01,9.838993549346923828e+00
5.860000000000000142e+01,2.699104807872419087e+01,1.205999999999999943e+02,1.535960014686576258e+01,2.989254951477050781e+01,1.085055828094482422e+01
5.920000000000000284e+01,2.519857177840726337e+01,1.202000000000000028e+02,1.434911382073311259e+01,2.886202812194824219e+01,1.080786705017089844e+01
5.860000000000000142e+01,2.503763809642465077e+01,1.205000000000000000e+02,1.452751167496811213e+01,2.653459548950195312e+01,1.134066581726074219e+01
5.889999999999999858e+01,2.521439059539478578e+01,1.205000000000000000e+02,1.356144917467764088e+01,2.829653739929199219e+01,1.051064729690551758e+01
5.920000000000000284e+01,2.456408051145272609e+01,1.202999999999999972e+02,1.246790980214088407e+01,2.905036926269531250e+01,1.108194351196289062e+01
5.860000000000000142e+01,2.590162781941987191e+01,1.207000000000000028e+02,1.341192417884754562e+01,3.155476570129394531e+01,1.053521633148193359e+01
5.829999999999999716e+01,2.765459442724715089e+01,1.210000000000000000e+02,1.388801143766875512e+01,3.002300262451171875e+01,1.138508558273315430e+01
5.829999999999999716e+01,2.677802995490373661e+01,1.207999999999999972e+02,1.467935848773986862e+01,2.893603324890136719e+01,1.112789630889892578e+01
5.860000000000000142e+01,2.454337073677271519e+01,1.205000000000000000e+02,1.369896853918012880e+01,2.852307319641113281e+01,1.198373794555664062e+01
5.789999999999999858e+01,2.441516548039292189e+01,1.205999999999999943e+02,1.452024170447047524e+01,3.017240524291992188e+01,1.123459815979003906e+01
5.860000000000000142e+01,2.440467381076946651e+01,1.205000000000000000e+02,1.372219268511904744e+01,3.037200927734375000e+01,1.157357454299926758e+01
5.770000000000000284e+01,2.637720520972173688e+01,1.210000000000000000e+02,1.481237401082830374e+01,3.171222686767578125e+01,1.140036344528198242e+01
5.739999999999999858e+01,2.569703675659480524e+01,1.210999999999999943e+02,1.413916100689335309e+01,3.299960136413574219e+01,1.161970138549804688e+01
5.829999999999999716e+01,2.599948899214908948e+01,1.207999999999999972e+02,1.367919013210988055e+01,3.422766685485839844e+01,1.205694913864135742e+01
5.789999999999999858e+01,2.403207037007453195e+01,1.207000000000000028e+02,1.341185660025157667e+01,3.189654350280761719e+01,1.191252946853637695e+01
5.829999999999999716e+01,2.626753797797174883e+01,1.209000000000000057e+02,1.260789875831176410e+01,3.213368415832519531e+01,1.228279113769531250e+01
5.760000000000000142e+01,2.849158409330978259e+01,1.212999999999999972e+02,1.381587241147832046e+01,3.355970382690429688e+01,1.252789974212646484e+01
5.750000000000000000e+01,2.787991786025992624e+01,1.212999999999999972e+02,1.428351695502603214e+01,3.310477256774902344e+01,1.244998931884765625e+01
5.739999999999999858e+01,2.974437738898456729e+01,1.215999999999999943e+02,1.316852495166422266e+01,3.370944976806640625e+01,1.246608018875122070e+01
5.760000000000000142e+01,2.856654648851629474e+01,1.212999999999999972e+02,1.228199220152297144e+01,3.152670860290527344e+01,1.225759029388427734e+01
5.760000000000000142e+01,2.827359158002053618e+01,1.212999999999999972e+02,1.227700423190936618e+01,3.211207389831542969e+01,1.247188091278076172e+01
5.789999999999999858e+01,2.526849464045351112e+01,1.209000000000000057e+02,1.153978673779933750e+01,3.321284294128417969e+01,1.234561920166015625e+01
5.760000000000000142e+01,2.607608443053866765e+01,1.210999999999999943e+02,1.273308430188643570e+01,3.141028404235839844e+01,1.299175262451171875e+01
5.760000000000000142e+01,2.352761997237366387e+01,1.207000000000000028e+02,1.359751533437661664e+01,2.874785423278808594e+01,1.367088794708251953e+01
5.860000000000000142e+01,2.074765190622658295e+01,1.200999999999999943e+02,1.237292684446968138e+01,2.832497596740722656e+01,1.314691543579101562e+01
5.829999999999999716e+01,2.236431684243868290e+01,1.204000000000000057e+02,1.132629364362325575e+01,2.975835800170898438e+01,1.282283306121826172e+01
5.810000000000000142e+01,2.257968228680789480e+01,1.205000000000000000e+02,1.162295184368573686e+01,2.995640754699707031e+01,1.226650714874267578e+01
5.750000000000000000e+01,2.293073735313524253e+01,1.207000000000000028e+02,1.225541529162591203e+01,2.778347015380859375e+01,1.305484771728515625e+01
5.670000000000000284e+01,2.443633354764788024e+01,1.212999999999999972e+02,1.344273271673860037e+01,2.572718620300292969e+01,1.328883886337280273e+01
5.689999999999999858e+01,2.418560031478802941e+01,1.210999999999999943e+02,1.423645451767183800e+01,2.695651054382324219e+01,1.293695688247680664e+01
5.689999999999999858e+01,2.482773797051689257e+01,1.212000000000000028e+02,1.506902137187567980e+01,2.886012077331542969e+01,1.339745521545410156e+01
5.789999999999999858e+01,3.801625118564147243e+01,1.222999999999999972e+02,1.519812161960313990e+00,6.578702926635742188e+00,2.195680618286132812e+01
5.789999999999999858e+01,3.933152520905465366e+01,1.224000000000000057e+02,1.633598735073966690e-01,8.233299255371093750e+00,2.142952203750610352e+01
5.829999999999999716e+01,3.993596324840331846e+01,1.222999999999999972e+02,5.739806518480203984e-02,8.005733489990234375e+00,2.201323270797729492e+01
5.860000000000000142e+01,3.822158047501520173e+01,1.200000000000000000e+02,2.986726823378691928e-03,8.100986480712890625e+00,2.134161233901977539e+01
5.889999999999999858e+01,3.768217938499024910e+01,1.200000000000000000e+02,2.703997377168513086e-03,8.716802597045898438e+00,2.195781230926513672e+01
5.829999999999999716e+01,3.972685265231602614e+01,1.200000000000000000e+02,3.713539419360259268e-03,9.881105422973632812e+00,2.138579845428466797e+01
5.889999999999999858e+01,3.780330735612774617e+01,1.200000000000000000e+02,8.008121712663194072e-03,7.400102615356445312e+00,2.193710803985595703e+01
5.860000000000000142e+01,3.735462331850561668e+01,1.200000000000000000e+02,3.913467954622994703e-03,9.016828536987304688e+00,2.143750667572021484e+01
5.820000000000000284e+01,3.817855103668913586e+01,1.200000000000000000e+02,5.762623559618514427e-03,6.873359680175781250e+00,2.144145011901855469e+01
5.760000000000000142e+01,3.702013292170499170e+01,1.237999999999999972e+02,5.694037962092396085e-03,7.096776962280273438e+00,2.132824420928955078e+01
5.760000000000000142e+01,3.765428382501704618e+01,1.200000000000000000e+02,8.482751976961265539e-03,5.071744918823242188e+00,2.150322198867797852e+01
5.760000000000000142e+01,3.858851573008475100e+01,1.200000000000000000e+02,8.360776729992105277e-03,3.842906951904296875e+00,2.101657629013061523e+01
5.789999999999999858e+01,3.942374532645273888e+01,1.200000000000000000e+02,7.086030062052312180e-03,4.713106155395507812e+00,2.100611209869384766e+01
5.750000000000000000e+01,4.010501250080043434e+01,1.200000000000000000e+02,3.770834746511633143e-03,3.702096939086914062e+00,2.186822175979614258e+01
6.329999999999999716e+01,1.452390387365386459e+01,1.184000000000000057e+02,3.367003806216252837e+00,1.360857009887695312e+01,1.134256362915039062e+01
6.540000000000000568e+01,1.423440514088346021e+01,1.180999999999999943e+02,2.642079826646890339e+00,1.358145713806152344e+01,1.065597534179687500e+01
6.540000000000000568e+01,1.348406259043353472e+01,1.179000000000000057e+02,4.122906579748662814e+00,1.509818077087402344e+01,9.909198284149169922e+00
6.300000000000000000e+01,1.635713370134472910e+01,1.187000000000000028e+02,4.950109596019672153e+00,1.642983436584472656e+01,9.964370727539062500e+00
6.150000000000000000e+01,1.910372638605137396e+01,1.194000000000000057e+02,5.171288559923997497e+00,1.539385795593261719e+01,9.340825080871582031e+00
6.150000000000000000e+01,1.850022638388061580e+01,1.192999999999999972e+02,5.976207673388985953e+00,1.443686485290527344e+01,1.016164302825927734e+01
6.150000000000000000e+01,1.700692816949164410e+01,1.190000000000000000e+02,6.337034750797718274e+00,1.479378700256347656e+01,9.426414966583251953e+00
6.150000000000000000e+01,1.501369031297370782e+01,1.187000000000000028e+02,5.901396134958600825e+00,1.424695968627929688e+01,9.382028579711914062e+00
6.050000000000000000e+01,1.664621838067101223e+01,1.190999999999999943e+02,7.123056317149379701e+00,1.196657180786132812e+01,8.844103813171386719e+00
6.110000000000000142e+01,1.668499851373297815e+01,1.190999999999999943e+02,5.828469220503036397e+00,1.105134963989257812e+01,8.799183368682861328e+00
6.029999999999999716e+01,1.743945989175321643e+01,1.194000000000000057e+02,6.263980199481576250e+00,1.023042678833007812e+01,8.614358901977539062e+00
6.089999999999999858e+01,1.604789678680221954e+01,1.190000000000000000e+02,6.267665541486849179e+00,8.937454223632812500e+00,9.447040557861328125e+00
6.029999999999999716e+01,1.686026486769674193e+01,1.192000000000000028e+02,6.791458516496238218e+00,1.042620658874511719e+01,9.670014381408691406e+00
5.939999999999999858e+01,1.697203592299879915e+01,1.195000000000000000e+02,7.506463471611115601e+00,8.695507049560546875e+00,1.069437026977539062e+01
5.920000000000000284e+01,1.676378487437144926e+01,1.195000000000000000e+02,8.578687514142016468e+00,6.289386749267578125e+00,1.147533416748046875e+01
5.860000000000000142e+01,1.838723048667893067e+01,1.199000000000000057e+02,9.048097710362327462e+00,6.965179443359375000e+00,1.203682661056518555e+01
5.829999999999999716e+01,1.928003757028628229e+01,1.200999999999999943e+02,9.173640771550383377e+00,5.636215209960937500e+00,1.238861560821533203e+01
5.860000000000000142e+01,1.870915144653349316e+01,1.199000000000000057e+02,9.777668524486912816e+00,8.058166503906250000e+00,1.280350923538208008e+01
5.829999999999999716e+01,1.820832434838773395e+01,1.199000000000000057e+02,9.975909961302924955e+00,6.383790969848632812e+00,1.377465724945068359e+01
5.889999999999999858e+01,1.873906827210685222e+01,1.197999999999999972e+02,9.279851016685622511e+00,5.654544830322265625e+00,1.337802886962890625e+01
5.860000000000000142e+01,1.876575068248218869e+01,1.199000000000000057e+02,9.643698864831675266e+00,6.048259735107421875e+00,1.386138677597045898e+01
5.939999999999999858e+01,1.724847886601535762e+01,1.195000000000000000e+02,8.534137847726841031e+00,5.346651077270507812e+00,1.386579036712646484e+01
5.889999999999999858e+01,1.682953100947415592e+01,1.195999999999999943e+02,9.260794590893590694e+00,4.611854553222656250e+00,1.459940433502197266e+01
5.860000000000000142e+01,1.847950003060138258e+01,1.197999999999999972e+02,9.570525922201001734e+00,4.135103225708007812e+00,1.434280395507812500e+01
5.860000000000000142e+01,1.989630735161277642e+01,1.200999999999999943e+02,9.164797751872995946e+00,3.161029815673828125e+00,1.382035017013549805e+01
5.860000000000000142e+01,2.078500500369115400e+01,1.202999999999999972e+02,8.695881625418341088e+00,1.983366012573242188e+00,1.332338333129882812e+01
5.860000000000000142e+01,2.053024611428895696e+01,1.202000000000000028e+02,9.826787963741969278e+00,4.185476303100585938e+00,1.310314416885375977e+01
5.920000000000000284e+01,2.040937373588493031e+01,1.200000000000000000e+02,8.606281598445519876e+00,3.926353454589843750e+00,1.264431476593017578e+01
5.860000000000000142e+01,2.036132619151435819e+01,1.200999999999999943e+02,9.081823153990114861e+00,2.411003112792968750e+00,1.235476970672607422e+01
5.829999999999999716e+01,2.164151217373758129e+01,1.204000000000000057e+02,7.852445755506526126e+00,3.000183105468750000e+00,1.166896104812622070e+01
5.900000000000000000e+01,2.230719127022926429e+01,1.202999999999999972e+02,7.106958581137314823e+00,3.029460906982421875e+00,1.096322536468505859e+01
5.970000000000000284e+01,2.116935093863603612e+01,1.200000000000000000e+02,6.556538975051177331e+00,4.090166091918945312e+00,1.057295322418212891e+01
5.989999999999999858e+01,2.048390450486104797e+01,1.199000000000000057e+02,6.473662348083531803e+00,3.308010101318359375e+00,1.007318019866943359e+01
6.089999999999999858e+01,1.877326367867223311e+01,1.195000000000000000e+02,6.239929836466844293e+00,3.449583053588867188e+00,9.691400527954101562e+00
6.089999999999999858e+01,1.783183893037757173e+01,1.194000000000000057e+02,5.459968352755008247e+00,5.551214218139648438e+00,9.124307632446289062e+00
5.989999999999999858e+01,1.879426825402204315e+01,1.195999999999999943e+02,7.031029390028463055e+00,7.574882507324218750e+00,9.336104393005371094e+00
5.989999999999999858e+01,1.587297027157407925e+01,1.192000000000000028e+02,7.795438972114402176e+00,7.950191497802734375e+00,9.022154808044433594e+00
5.989999999999999858e+01,1.589128783394222033e+01,1.192999999999999972e+02,7.372453024866288729e+00,9.282588958740234375e+00,9.128527641296386719e+00
6.089999999999999858e+01,1.290584596824643526e+01,1.185999999999999943e+02,6.547307349902851570e+00,9.771051406860351562e+00,9.660825729370117188e+00
6.150000000000000000e+01,1.188747409224770735e+01,1.180999999999999943e+02,5.792819275087373043e+00,9.887552261352539062e+00,1.024109840393066406e+01
6.050000000000000000e+01,1.197817203274656528e+01,1.184000000000000057e+02,7.073767951446196633e+00,9.581451416015625000e+00,1.071316003799438477e+01
6.050000000000000000e+01,1.461545357914953591e+01,1.190000000000000000e+02,6.030198512847592340e+00,8.546276092529296875e+00,1.127296686172485352e+01
5.989999999999999858e+01,1.658158523741877133e+01,1.195000000000000000e+02,6.192791041215338410e+00,9.618263244628906250e+00,1.142797470092773438e+01
6.150000000000000000e+01,1.481071680014220071e+01,1.187000000000000028e+02,5.448908516688804049e+00,1.108073234558105469e+01,1.069371461868286133e+01
6.089999999999999858e+01,1.514816879670054206e+01,1.190000000000000000e+02,5.702037903108823969e+00,1.235154151916503906e+01,1.089213371276855469e+01
6.150000000000000000e+01,1.346984166072600075e+01,1.187000000000000028e+02,4.946974617039674449e+00,1.240449905395507812e+01,1.120822429656982422e+01
6.089999999999999858e+01,1.421524249522719430e+01,1.187000000000000028e+02,5.624611141912053469e+00,1.432534217834472656e+01,1.080338478088378906e+01
6.150000000000000000e+01,1.584375529964265894e+01,1.190000000000000000e+02,4.384218437779922262e+00,1.263721466064453125e+01,1.046294212341308594e+01
6.110000000000000142e+01,1.480651917066598600e+01,1.189000000000000057e+02,5.531018542035570640e+00,1.440835952758789062e+01,1.009574413299560547e+01
6.150000000000000000e+01,1.373382021200501413e+01,1.187000000000000028e+02,4.994326678942583975e+00,1.246396064758300781e+01,9.684987068176269531e+00
6.089999999999999858e+01,1.629613932462327597e+01,1.192000000000000028e+02,4.696962158598213755e+00,1.430855751037597656e+01,9.910309314727783203e+00
4.220000000000000284e+01,3.206934317623387187e+01,1.781999999999999886e+02,5.981921416026082738e+00,2.882821083068847656e+01,1.491220951080322266e+01
4.229999999999999716e+01,3.302875250272900587e+01,1.775999999999999943e+02,5.581049836888704263e+00,2.953850746154785156e+01,1.413786888122558594e+01
4.260000000000000142e+01,3.360768735312669975e+01,1.773000000000000114e+02,6.946547721526869168e+00,2.964779853820800781e+01,1.473782300949096680e+01
4.229999999999999716e+01,3.350262282829842775e+01,1.781999999999999886e+02,6.213556327659955691e+00,2.967839241027832031e+01,1.534039497375488281e+01
4.200000000000000000e+01,2.994931771593328662e+01,1.799000000000000057e+02,7.119067216956142197e+00,2.860033035278320312e+01,1.589406013488769531e+01
4.220000000000000284e+01,3.052925093546339141e+01,1.790000000000000000e+02,7.180030901034582413e+00,2.865240097045898438e+01,1.574598312377929688e+01
4.229999999999999716e+01,3.083519574525837825e+01,1.779000000000000057e+02,8.364085659459462363e+00,3.091556549072265625e+01,1.530752420425415039e+01
4.220000000000000284e+01,2.962952798822289679e+01,1.790999999999999943e+02,8.937108181632504866e+00,3.283697128295898438e+01,1.481844425201416016e+01
4.229999999999999716e+01,3.029106482525317290e+01,1.794000000000000057e+02,9.531730315614746374e+00,3.181191444396972656e+01,1.508849859237670898e+01
4.220000000000000284e+01,2.930698592155282967e+01,1.798000000000000114e+02,9.283232906813424279e+00,3.142063140869140625e+01,1.498621702194213867e+01
4.210000000000000142e+01,2.924664171597670759e+01,1.799000000000000057e+02,8.899593391021031863e+00,3.250540733337402344e+01,1.546192884445190430e+01
4.220000000000000284e+01,2.745478298721857868e+01,1.799000000000000057e+02,1.074865491181814292e+01,2.972924232482910156e+01,1.532614231109619141e+01
4.200000000000000000e+01,2.774828447649800012e+01,1.799000000000000057e+02,9.873784387036785404e+00,2.792847633361816406e+01,1.613698482513427734e+01
4.200000000000000000e+01,2.715331522950119947e+01,1.799000000000000057e+02,9.752545728193098284e+00,2.907901763916015625e+01,1.607399702072143555e+01
4.179999999999999716e+01,2.528630687695932266e+01,1.799000000000000057e+02,1.060522760990837021e+01,3.184149742126464844e+01,1.603576421737670898e+01
4.179999999999999716e+01,2.417797864131568275e+01,1.799000000000000057e+02,1.170372160574935272e+01,3.108244895935058594e+01,1.652543425559997559e+01
4.170000000000000284e+01,2.232317392346270779e+01,1.799000000000000057e+02,1.263180526837219730e+01,2.960159301757812500e+01,1.730991601943969727e+01
4.160000000000000142e+01,2.099932789643837694e+01,1.799000000000000057e+02,1.364299139244492487e+01,2.998991966247558594e+01,1.764499664306640625e+01
4.179999999999999716e+01,2.022635352319376878e+01,1.799000000000000057e+02,1.403218967422354879e+01,2.891142845153808594e+01,1.710049152374267578e+01
4.200000000000000000e+01,1.981319085191251261e+01,1.799000000000000057e+02,1.561121401317268287e+01,3.012644767761230469e+01,1.760012984275817871e+01
4.200000000000000000e+01,2.009758956808817132e+01,1.799000000000000057e+02,1.586715708346496889e+01,3.149329185485839844e+01,1.782843828201293945e+01
4.220000000000000284e+01,2.071058658919534423e+01,1.799000000000000057e+02,1.622809718008071656e+01,3.096141815185546875e+01,1.842566728591918945e+01
4.220000000000000284e+01,2.189685733404827062e+01,1.799000000000000057e+02,1.622955905040787883e+01,3.178655624389648438e+01,1.877315521240234375e+01
4.229999999999999716e+01,2.072118258143126468e+01,1.222000000000000028e+02,1.737673004341561622e+01,3.120018005371093750e+01,1.851460099220275879e+01
4.260000000000000142e+01,2.258170136093909974e+01,1.224000000000000057e+02,1.623807129166232954e+01,2.955382347106933594e+01,1.849317312240600586e+01
4.220000000000000284e+01,2.255739672497669090e+01,1.799000000000000057e+02,1.530805779332148298e+01,2.791040420532226562e+01,1.865107059478759766e+01
4.220000000000000284e+01,2.545891573552911780e+01,1.799000000000000057e+02,1.340897529190828052e+01,3.042815208435058594e+01,1.848816871643066406e+01
4.229999999999999716e+01,2.460429679160846561e+01,1.799000000000000057e+02,1.469951922869443983e+01,2.765959739685058594e+01,1.899833679199218750e+01
4.220000000000000284e+01,2.560482313605423599e+01,1.799000000000000057e+02,1.225837940955806005e+01,2.705756187438964844e+01,1.951428413391113281e+01
4.229999999999999716e+01,2.520594318337894180e+01,1.793000000000000114e+02,1.352970408805643387e+01,2.623593330383300781e+01,1.932904005050659180e+01
4.260000000000000142e+01,2.549631754419826279e+01,1.785000000000000000e+02,1.317809084126213293e+01,2.411048889160156250e+01,2.024058341979980469e+01
4.229999999999999716e+01,2.447008335577422500e+01,1.785999999999999943e+02,1.239301116572149297e+01,2.317840576171875000e+01,1.976314902305603027e+01
4.220000000000000284e+01,2.371447368823343282e+01,1.227999999999999972e+02,1.211462208709545862e+01,2.466206550598144531e+01,1.917644500732421875e+01
4.200000000000000000e+01,2.151928261223632433e+01,1.793000000000000114e+02,1.229020797537793896e+01,2.468693733215332031e+01,1.872538805007934570e+01
4.200000000000000000e+01,1.895740262772583407e+01,1.222000000000000028e+02,1.122120750905406794e+01,2.476708412170410156e+01,1.814774513244628906e+01
4.210000000000000142e+01,1.688031980444321434e+01,1.222000000000000028e+02,1.075957839950726935e+01,2.252825736999511719e+01,1.832117080688476562e+01
4.200000000000000000e+01,1.648453240418112742e+01,1.222000000000000028e+02,1.006792819813480122e+01,2.373381614685058594e+01,1.859293222427368164e+01
4.189999999999999858e+01,1.508810749627575731e+01,1.222000000000000028e+02,1.110096129866375669e+01,2.231470108032226562e+01,1.819079160690307617e+01
4.179999999999999716e+01,1.350088177545799972e+01,1.222000000000000028e+02,1.229596242024294916e+01,2.456144332885742188e+01,1.794585347175598145e+01
4.150000000000000000e+01,1.592381403014152852e+01,1.799000000000000057e+02,1.195581088008579229e+01,2.721324920654296875e+01,1.774391770362854004e+01
4.160000000000000142e+01,1.538408020235153373e+01,1.799000000000000057e+02,1.173935268947995603e+01,2.683278083801269531e+01,1.727591514587402344e+01
4.170000000000000284e+01,1.558359609119058575e+01,1.225000000000000000e+02,1.213236907027356892e+01,2.640999794006347656e+01,1.675084590911865234e+01
4.189999999999999858e+01,1.737379508624451674e+01,1.225000000000000000e+02,1.177704363917995778e+01,2.891564369201660156e+01,1.661418080329895020e+01
4.189999999999999858e+01,1.948539158761187906e+01,1.795999999999999943e+02,1.217245301606565988e+01,3.034079551696777344e+01,1.565327644348144531e+01
4.200000000000000000e+01,1.841295769832741769e+01,1.225999999999999943e+02,1.122081473109495775e+01,2.803009986877441406e+01,1.580717086791992188e+01
5.920000000000000284e+01,1.836877115229571800e+01,1.197999999999999972e+02,7.921283303095795425e+00,2.256380081176757812e+01,6.801431179046630859e+00
5.860000000000000142e+01,2.037511822047654775e+01,1.202000000000000028e+02,7.676491390016334293e+00,2.369359970092773438e+01,6.820063591003417969e+00
5.810000000000000142e+01,2.160537928315115863e+01,1.205000000000000000e+02,8.187468150595069716e+00,2.282416343688964844e+01,7.153518199920654297e+00
5.739999999999999858e+01,2.297043434254448258e+01,1.209000000000000057e+02,8.607828599260514579e+00,2.253172874450683594e+01,6.636505126953125000e+00
5.739999999999999858e+01,2.200214745140258188e+01,1.207999999999999972e+02,9.595174645531566071e+00,2.054680824279785156e+01,6.730656623840332031e+00
5.750000000000000000e+01,2.314879005159457392e+01,1.209000000000000057e+02,8.552994497602947277e+00,2.156350135803222656e+01,6.177177429199218750e+00
5.739999999999999858e+01,2.474450435204931154e+01,1.212000000000000028e+02,8.746894318580290317e+00,2.006402015686035156e+01,6.597120761871337891e+00
5.789999999999999858e+01,2.561820292667276178e+01,1.212000000000000028e+02,7.366222073426516026e+00,1.944836616516113281e+01,7.087125778198242188e+00
5.739999999999999858e+01,2.661770040542955229e+01,1.215000000000000000e+02,7.292460643249202512e+00,2.111089706420898438e+01,7.154633998870849609e+00
5.789999999999999858e+01,2.654064570391070532e+01,1.212999999999999972e+02,6.972204951698948605e+00,2.351609230041503906e+01,7.316610813140869141e+00
5.739999999999999858e+01,2.631762061895021176e+01,1.212999999999999972e+02,7.292373436092683292e+00,2.485747337341308594e+01,6.690578460693359375e+00
5.739999999999999858e+01,2.819699108110011565e+01,1.215999999999999943e+02,7.300448007652339477e+00,2.399349212646484375e+01,6.929163932800292969e+00
5.750000000000000000e+01,2.837866037358633520e+01,1.215000000000000000e+02,8.628461270820359630e+00,2.164998054504394531e+01,7.701423168182373047e+00
5.789999999999999858e+01,2.940135737784806480e+01,1.215000000000000000e+02,7.891476121032406255e+00,2.134312629699707031e+01,7.395853996276855469e+00
5.829999999999999716e+01,3.006014418132517818e+01,1.215000000000000000e+02,6.670875939176415415e+00,1.923186302185058594e+01,8.176236152648925781e+00
5.789999999999999858e+01,3.036642869023884117e+01,1.217000000000000028e+02,7.679527833429196981e+00,1.886293411254882812e+01,9.005036354064941406e+00
5.760000000000000142e+01,3.218514914729380649e+01,1.220000000000000000e+02,7.715625329081493788e+00,1.717110633850097656e+01,9.319491386413574219e+00
5.810000000000000142e+01,3.165534834981408352e+01,1.217999999999999972e+02,6.699916120667017694e+00,1.610944747924804688e+01,9.119763374328613281e+00
5.750000000000000000e+01,3.163588557754560782e+01,1.220000000000000000e+02,7.338799251343849583e+00,1.719735145568847656e+01,9.327039718627929688e+00
5.750000000000000000e+01,3.322743856825128717e+01,1.222000000000000028e+02,5.752372858456256566e+00,1.611671447753906250e+01,9.564795494079589844e+00
5.770000000000000284e+01,3.156920628244269267e+01,1.217999999999999972e+02,6.434432424236888437e+00,1.416838645935058594e+01,9.383714199066162109e+00
5.739999999999999858e+01,3.089933338886511649e+01,1.220000000000000000e+02,6.820077180967638597e+00,1.305387496948242188e+01,9.947757720947265625e+00
5.710000000000000142e+01,3.230418710999622789e+01,1.222000000000000028e+02,7.810423891443876165e+00,1.105941772460937500e+01,9.789566993713378906e+00
5.660000000000000142e+01,3.476684895566221201e+01,1.227999999999999972e+02,8.915076733104893236e+00,8.970050811767578125e+00,1.051364183425903320e+01
5.639999999999999858e+01,3.495804157078758578e+01,1.227999999999999972e+02,8.358342495895929147e+00,9.014768600463867188e+00,1.052638292312622070e+01
5.620000000000000284e+01,3.794357123519181840e+01,1.234000000000000057e+02,8.481633650827044235e+00,8.044939041137695312e+00,1.035630702972412109e+01
5.639999999999999858e+01,3.781848789304098801e+01,1.230999999999999943e+02,8.995318215397333006e+00,8.451910018920898438e+00,1.054359912872314453e+01
5.620000000000000284e+01,3.941252994304576873e+01,1.234000000000000057e+02,9.023644770428253636e+00,1.032484054565429688e+01,9.853436946868896484e+00
5.629999999999999716e+01,3.957750459733417614e+01,1.234000000000000057e+02,8.514557187650147796e+00,9.448261260986328125e+00,9.881818294525146484e+00
5.639999999999999858e+01,4.098030224283075285e+01,1.234000000000000057e+02,7.265455967817510796e+00,1.012408256530761719e+01,1.038926362991333008e+01
5.670000000000000284e+01,3.872227229061191167e+01,1.230999999999999943e+02,7.530712037358691546e+00,7.979984283447265625e+00,1.147667884826660156e+01
5.679999999999999716e+01,3.945344912333116838e+01,1.234000000000000057e+02,8.056961919703542918e+00,1.067649841308593750e+01,1.132884025573730469e+01
5.650000000000000000e+01,3.940786511036676387e+01,1.234000000000000057e+02,8.143106801724496080e+00,9.138860702514648438e+00,1.093161106109619141e+01
5.629999999999999716e+01,4.280216226206260899e+01,1.235999999999999943e+02,8.365751107106994766e+00,8.902368545532226562e+00,1.021947145462036133e+01
5.639999999999999858e+01,4.285039267806624963e+01,1.235999999999999943e+02,7.952686077310692880e+00,7.393741607666015625e+00,1.100726127624511719e+01
5.620000000000000284e+01,4.197122680123130323e+01,1.235999999999999943e+02,8.793473837465715093e+00,7.138137817382812500e+00,1.180349826812744141e+01
5.620000000000000284e+01,3.908497188082036189e+01,1.234000000000000057e+02,9.195432300773614287e+00,7.359189987182617188e+00,1.187247753143310547e+01
5.650000000000000000e+01,3.943417672476262936e+01,1.234000000000000057e+02,7.864571062843084270e+00,6.153583526611328125e+00,1.258847475051879883e+01
5.700000000000000000e+01,3.954455949733144138e+01,1.227999999999999972e+02,7.450557016995897897e+00,7.219715118408203125e+00,1.281490325927734375e+01
5.689999999999999858e+01,4.040429599973789720e+01,1.230999999999999943e+02,8.345166749686990570e+00,5.878438949584960938e+00,1.310075283050537109e+01
5.689999999999999858e+01,3.883729359175593032e+01,1.230000000000000000e+02,9.497088343656036713e+00,4.608345031738281250e+00,1.330171108245849609e+01
5.650000000000000000e+01,3.961996334205574044e+01,1.234000000000000057e+02,9.877970520419744105e+00,3.826265335083007812e+00,1.317801475524902344e+01
5.679999999999999716e+01,4.176365104420632690e+01,1.234000000000000057e+02,9.160462915471141443e+00,3.631353378295898438e+00,1.297333955764770508e+01
5.670000000000000284e+01,4.212452237815588774e+01,1.234000000000000057e+02,1.088037211037572938e+01,3.119850158691406250e+00,1.235979557037353516e+01
5.650000000000000000e+01,4.202131525521408406e+01,1.235999999999999943e+02,1.174440041067967755e+01,2.036886215209960938e+00,1.189419746398925781e+01
5.679999999999999716e+01,4.217131910495663760e+01,1.234000000000000057e+02,1.112056428474375025e+01,2.332811355590820312e+00,1.218919992446899414e+01
5.739999999999999858e+01,2.932823680010639578e+01,1.210999999999999943e+02,2.317601620082808367e+01,4.468619346618652344e+01,8.752679824829101562e-01
5.770000000000000284e+01,3.124715289690357167e+01,1.212999999999999972e+02,2.247559483252649315e+01,4.581564903259277344e+01,6.387424468994140625e-01
5.739999999999999858e+01,3.016205655066460878e+01,1.212000000000000028e+02,2.272806777240161225e+01,4.479309082031250000e+01,5.196714401245117188e-01
5.810000000000000142e+01,3.021821579480225495e+01,1.209000000000000057e+02,2.204273682870352502e+01,4.301301956176757812e+01,6.791162490844726562e-01
5.829999999999999716e+01,3.125085405775392644e+01,1.210999999999999943e+02,2.104184303595598493e+01,4.521310806274414062e+01,0.000000000000000000e+00
5.829999999999999716e+01,3.142448854512977974e+01,1.210000000000000000e+02,2.187310519143259313e+01,4.512138366699218750e+01,0.000000000000000000e+00
5.860000000000000142e+01,3.222240022555511274e+01,1.210999999999999943e+02,2.056532168410224415e+01,4.590806961059570312e+01,0.000000000000000000e+00
5.889999999999999858e+01,3.176099470456384921e+01,1.207999999999999972e+02,2.049522071188737726e+01,4.494969367980957031e+01,0.000000000000000000e+00
5.939999999999999858e+01,3.051223787832249812e+01,1.202999999999999972e+02,2.088492255695491551e+01,4.452027320861816406e+01,0.000000000000000000e+00
6.029999999999999716e+01,2.877841748951035328e+01,1.197999999999999972e+02,2.022390317617256628e+01,4.249164581298828125e+01,0.000000000000000000e+00
6.150000000000000000e+01,2.900872710610427418e+01,1.195999999999999943e+02,1.925855385272855358e+01,4.173585891723632812e+01,0.000000000000000000e+00
6.110000000000000142e+01,2.810514108672260392e+01,1.192999999999999972e+02,2.063918719448183836e+01,4.361501693725585938e+01,0.000000000000000000e+00
6.010000000000000142e+01,2.928020660410038545e+01,1.199000000000000057e+02,2.055334986471823910e+01,4.341727256774902344e+01,0.000000000000000000e+00
5.920000000000000284e+01,3.027432069801268000e+01,1.204000000000000057e+02,2.106170197377965181e+01,4.544596672058105469e+01,0.000000000000000000e+00
5.920000000000000284e+01,3.042619213935249789e+01,1.205999999999999943e+02,1.942625334203308896e+01,4.686146736145019531e+01,0.000000000000000000e+00
5.900000000000000000e+01,3.038676187929716122e+01,1.205999999999999943e+02,2.061215381436918648e+01,4.863211631774902344e+01,0.000000000000000000e+00
5.920000000000000284e+01,3.070806048190394932e+01,1.205999999999999943e+02,1.966195430561165480e+01,5.046782493591308594e+01,0.000000000000000000e+00
5.939999999999999858e+01,2.811245971048880321e+01,1.200999999999999943e+02,2.028775823780618026e+01,4.996881484985351562e+01,0.000000000000000000e+00
6.029999999999999716e+01,2.739927056868886268e+01,1.197000000000000028e+02,1.905273815490226141e+01,5.018424987792968750e+01,0.000000000000000000e+00
6.110000000000000142e+01,2.625059784671410057e+01,1.194000000000000057e+02,1.767619974663055515e+01,5.098396301269531250e+01,0.000000000000000000e+00
6.150000000000000000e+01,2.600523552034462682e+01,1.194000000000000057e+02,1.685409079137322763e+01,5.192695617675781250e+01,0.000000000000000000e+00
6.300000000000000000e+01,2.514339235168950282e+01,1.189000000000000057e+02,1.571351790177778263e+01,5.391983985900878906e+01,0.000000000000000000e+00
6.260000000000000142e+01,2.500067305439137755e+01,1.187000000000000028e+02,1.680813948290931847e+01,5.203195571899414062e+01,0.000000000000000000e+00
6.229999999999999716e+01,2.695791694585772547e+01,1.192999999999999972e+02,1.714083699797711446e+01,5.431987762451171875e+01,0.000000000000000000e+00
6.150000000000000000e+01,2.553933674301173795e+01,1.190999999999999943e+02,1.732378920844073278e+01,5.568644523620605469e+01,0.000000000000000000e+00
6.260000000000000142e+01,2.418370538247846113e+01,1.187000000000000028e+02,1.623660314267823068e+01,5.312008857727050781e+01,0.000000000000000000e+00
6.260000000000000142e+01,2.247216688474565416e+01,1.180999999999999943e+02,1.707084765421251404e+01,5.099408149719238281e+01,0.000000000000000000e+00
6.260000000000000142e+01,2.224543292392297289e+01,9.790000000000000568e+01,1.762455460503094429e+01,5.212759017944335938e+01,0.000000000000000000e+00
6.150000000000000000e+01,2.529867644342019872e+01,1.187000000000000028e+02,1.963777711661494152e+01,5.379179954528808594e+01,0.000000000000000000e+00
6.260000000000000142e+01,2.370272737544166475e+01,9.870000000000000284e+01,1.850157153414963318e+01,5.509665489196777344e+01,0.000000000000000000e+00
6.329999999999999716e+01,2.383674486302020057e+01,9.929999999999999716e+01,1.755488681213289581e+01,5.292017936706542969e+01,0.000000000000000000e+00
7.000000000000000000e+01,2.592349456020430765e+01,1.192000000000000028e+02,8.864555516321946271e+00,1.072549819946289062e+01,1.731369614601135254e+01
6.440000000000000568e+01,2.729322553489983960e+01,1.195999999999999943e+02,9.410637900746296580e+00,1.103010177612304688e+01,1.774310111999511719e+01
6.540000000000000568e+01,2.667302146200852775e+01,1.194000000000000057e+02,1.009001605133210866e+01,1.247053146362304688e+01,1.792375087738037109e+01
6.420000000000000284e+01,2.638312431090302468e+01,1.195000000000000000e+02,8.901770405316950630e+00,1.117762565612792969e+01,1.784397482872009277e+01
6.470000000000000284e+01,2.650581334815027645e+01,1.194000000000000057e+02,9.581217825452110759e+00,1.039054870605468750e+01,1.839242458343505859e+01
6.700000000000000000e+01,2.333220263416375673e+01,1.187000000000000028e+02,9.905064272695781824e+00,1.093621253967285156e+01,1.889073371887207031e+01
6.540000000000000568e+01,2.371841210588861415e+01,1.190000000000000000e+02,9.429418301452693996e+00,1.279239654541015625e+01,1.814861416816711426e+01
7.000000000000000000e+01,2.216996571583231201e+01,1.184000000000000057e+02,8.839038062498190129e+00,1.115227699279785156e+01,1.792908072471618652e+01
6.670000000000000284e+01,2.273028538180497549e+01,1.189000000000000057e+02,8.636288815946130626e+00,1.166317939758300781e+01,1.716271519660949707e+01
6.470000000000000284e+01,2.229465081301849239e+01,1.189000000000000057e+02,8.802812693468398564e+00,1.194020271301269531e+01,1.788698077201843262e+01
6.540000000000000568e+01,2.104044088991161132e+01,1.185999999999999943e+02,9.347573851609134010e+00,1.356749534606933594e+01,1.749391555786132812e+01
6.470000000000000284e+01,2.279160558741298104e+01,1.190999999999999943e+02,8.385077449816915163e+00,1.268073081970214844e+01,1.825741529464721680e+01
6.329999999999999716e+01,2.397621603014035685e+01,1.192999999999999972e+02,9.334984050448918325e+00,1.374190330505371094e+01,1.776658535003662109e+01
6.260000000000000142e+01,2.445671766350799459e+01,1.195000000000000000e+02,9.558024150083895165e+00,1.248988151550292969e+01,1.782666802406311035e+01
6.260000000000000142e+01,2.314123731121695471e+01,1.194000000000000057e+02,1.019210202849191127e+01,1.022108078002929688e+01,1.853666424751281738e+01
6.150000000000000000e+01,2.306583129341974825e+01,1.195999999999999943e+02,1.117866764709181560e+01,1.022039413452148438e+01,1.789317727088928223e+01
6.029999999999999716e+01,2.320961176812409121e+01,1.197999999999999972e+02,1.122337113910750261e+01,1.031121253967285156e+01,1.764296054840087891e+01
5.989999999999999858e+01,2.384882367652254587e+01,1.200999999999999943e+02,1.134504979272871239e+01,9.688997268676757812e+00,1.809042811393737793e+01
5.939999999999999858e+01,2.683756288389844613e+01,1.205000000000000000e+02,1.114544791213068642e+01,8.622007369995117188e+00,1.752219200134277344e+01
5.939999999999999858e+01,2.582273766731816522e+01,1.202999999999999972e+02,1.184096792350523231e+01,8.610944747924804688e+00,1.739746689796447754e+01
5.889999999999999858e+01,2.485872092543176137e+01,1.204000000000000057e+02,1.242214720945069750e+01,6.081905364990234375e+00,1.706748723983764648e+01
5.989999999999999858e+01,2.307921180810905071e+01,1.200000000000000000e+02,1.096560446159167768e+01,6.442985534667968750e+00,1.656724691390991211e+01
6.010000000000000142e+01,2.267310489636618343e+01,1.197999999999999972e+02,9.921892618351565218e+00,4.673948287963867188e+00,1.718269228935241699e+01
5.970000000000000284e+01,2.389171258027580791e+01,1.202000000000000028e+02,9.120732863628276732e+00,2.930202484130859375e+00,1.790865898132324219e+01
4.320000000000000284e+01,3.493667701568966066e+01,1.799000000000000057e+02,1.404925541319498272e+01,1.472756385803222656e+01,3.414266109466552734e+00
4.360000000000000142e+01,3.407384488040599990e+01,1.799000000000000057e+02,1.452089128448259459e+01,1.304403305053710938e+01,4.178414344787597656e+00
4.339999999999999858e+01,3.264177925709453376e+01,1.799000000000000057e+02,1.574727738035370450e+01,1.386485099792480469e+01,4.788734912872314453e+00
4.320000000000000284e+01,3.134632003756303931e+01,1.799000000000000057e+02,1.610306320778495248e+01,1.391649246215820312e+01,4.001560211181640625e+00
5.529999999999999716e+01,3.341933635311421114e+01,1.799000000000000057e+02,1.570008283060088061e+01,1.369142532348632812e+01,4.203779697418212891e+00
4.360000000000000142e+01,3.403479504617025242e+01,1.799000000000000057e+02,1.430740726616896907e+01,1.515111923217773438e+01,4.077699184417724609e+00
4.360000000000000142e+01,3.297734097503490602e+01,1.795999999999999943e+02,1.483069557839056785e+01,1.655913352966308594e+01,4.328460693359375000e+00
4.360000000000000142e+01,3.264664525478317358e+01,1.799000000000000057e+02,1.553853834213630769e+01,1.860348701477050781e+01,4.389333724975585938e+00
4.300000000000000000e+01,3.237792949769815465e+01,1.799000000000000057e+02,1.452133948968588051e+01,1.754360198974609375e+01,3.997073173522949219e+00
4.300000000000000000e+01,3.251732209585826894e+01,1.799000000000000057e+02,1.466312308817546928e+01,1.995595932006835938e+01,2.999081611633300781e+00
5.529999999999999716e+01,3.377117775492194340e+01,1.799000000000000057e+02,1.526066538298316289e+01,1.924699783325195312e+01,2.695074081420898438e+00
5.579999999999999716e+01,3.164283241163094829e+01,1.790999999999999943e+02,1.696831936356234394e+01,1.882370948791503906e+01,2.963714599609375000e+00
5.589999999999999858e+01,3.061230153782552676e+01,1.225000000000000000e+02,1.706578101948040072e+01,1.739162445068359375e+01,3.069672584533691406e+00
5.579999999999999716e+01,3.031456633876701545e+01,1.225000000000000000e+02,1.700290300630330620e+01,1.932399749755859375e+01,2.748577594757080078e+00
5.610000000000000142e+01,2.762367249623330423e+01,1.220000000000000000e+02,1.545933842513423784e+01,1.840456008911132812e+01,3.042709827423095703e+00
5.650000000000000000e+01,2.671605790052718277e+01,1.215999999999999943e+02,1.420657147285725941e+01,1.635449409484863281e+01,4.007704257965087891e+00
5.639999999999999858e+01,2.920881626116263874e+01,1.220999999999999943e+02,1.393017958646974641e+01,1.503712654113769531e+01,3.449332714080810547e+00
5.620000000000000284e+01,2.912135668843501080e+01,1.220999999999999943e+02,1.442701894056231993e+01,1.298926353454589844e+01,4.123601913452148438e+00
5.560000000000000142e+01,3.124949715718413401e+01,1.781999999999999886e+02,1.523873993250138170e+01,1.595035552978515625e+01,3.821277618408203125e+00
4.339999999999999858e+01,3.116292276665371475e+01,1.789000000000000057e+02,1.506899885038939679e+01,1.367297172546386719e+01,3.915874958038330078e+00
4.279999999999999716e+01,3.138519957705245034e+01,1.799000000000000057e+02,1.295305212357769520e+01,1.537420272827148438e+01,3.314082622528076172e+00
4.279999999999999716e+01,3.019768315452870411e+01,1.799000000000000057e+02,1.415311906281811538e+01,1.694414138793945312e+01,3.678343296051025391e+00
4.300000000000000000e+01,2.943751334178411838e+01,1.788000000000000114e+02,1.475039145980916899e+01,1.811709403991699219e+01,2.858653068542480469e+00
4.260000000000000142e+01,3.138722565550521537e+01,1.799000000000000057e+02,1.243344007270230378e+01,1.772973060607910156e+01,3.309054374694824219e+00
4.260000000000000142e+01,3.224491689538000116e+01,1.799000000000000057e+02,1.164489111158271406e+01,1.988127708435058594e+01,3.205263614654541016e+00
4.229999999999999716e+01,3.188480248602519396e+01,1.799000000000000057e+02,1.068716165895113335e+01,1.876019477844238281e+01,3.633503913879394531e+00
4.229999999999999716e+01,3.167378038234334170e+01,1.799000000000000057e+02,9.807196534189301929e+00,1.938174247741699219e+01,3.784565925598144531e+00
4.220000000000000284e+01,2.958966652921211704e+01,1.799000000000000057e+02,1.095206946613932075e+01,2.120529174804687500e+01,3.890762329101562500e+00
4.229999999999999716e+01,3.026530063406801929e+01,1.799000000000000057e+02,1.182218890770545272e+01,2.136075973510742188e+01,3.645570278167724609e+00
4.260000000000000142e+01,3.187697062626574152e+01,1.799000000000000057e+02,1.105230750236571069e+01,2.157945632934570312e+01,4.142150878906250000e+00
4.260000000000000142e+01,2.982945581730184159e+01,1.795999999999999943e+02,1.205211713274450425e+01,2.262658119201660156e+01,3.547806739807128906e+00
4.260000000000000142e+01,3.101677844945157858e+01,1.795999999999999943e+02,1.223967808119781253e+01,2.020472526550292969e+01,4.545707702636718750e+00
4.260000000000000142e+01,3.158665219170504201e+01,1.799000000000000057e+02,1.227256524910655067e+01,1.953738212585449219e+01,4.921159744262695312e+00
4.229999999999999716e+01,3.213933608925900387e+01,1.799000000000000057e+02,1.138297561235753719e+01,2.037899971008300781e+01,5.491700172424316406e+00
4.220000000000000284e+01,3.190822867010594166e+01,1.799000000000000057e+02,1.010293335715903673e+01,2.201657295227050781e+01,5.035965442657470703e+00
4.220000000000000284e+01,3.303061947843405477e+01,1.799000000000000057e+02,8.476360454869858785e+00,2.012690544128417969e+01,6.027040481567382812e+00
4.220000000000000284e+01,3.499775227404764166e+01,1.799000000000000057e+02,6.619243480380331057e+00,1.773558616638183594e+01,5.710310935974121094e+00
4.200000000000000000e+01,3.102174911622732978e+01,1.799000000000000057e+02,8.518992518602864550e+00,1.697562217712402344e+01,6.110093593597412109e+00
4.170000000000000284e+01,3.065132235674274952e+01,1.799000000000000057e+02,7.530599123606352308e+00,1.847934722900390625e+01,6.700074672698974609e+00
4.160000000000000142e+01,2.687201286873916928e+01,1.799000000000000057e+02,9.010262303198834033e+00,1.582383155822753906e+01,7.123398780822753906e+00
4.170000000000000284e+01,2.786710644458805319e+01,1.799000000000000057e+02,9.397526291595010406e+00,1.468253135681152344e+01,6.512835025787353516e+00
4.160000000000000142e+01,2.976501687733868096e+01,1.799000000000000057e+02,8.666926202168287574e+00,1.755227088928222656e+01,6.579256057739257812e+00
4.200000000000000000e+01,3.201824708387212581e+01,1.799000000000000057e+02,8.117436812795345347e+00,1.971366882324218750e+01,5.880355834960937500e+00
4.170000000000000284e+01,3.002669638890240833e+01,1.799000000000000057e+02,8.783056369690322995e+00,2.133130073547363281e+01,6.149141788482666016e+00
4.139999999999999858e+01,2.921241830797179162e+01,1.799000000000000057e+02,8.083408505104014097e+00,2.355442047119140625e+01,5.360124111175537109e+00
4.160000000000000142e+01,3.165630396845671868e+01,1.799000000000000057e+02,6.940469835130191889e+00,2.518086433410644531e+01,5.566797256469726562e+00
4.200000000000000000e+01,3.343510676584151042e+01,1.799000000000000057e+02,7.078513660066430013e+00,2.558299064636230469e+01,5.777163505554199219e+00
4.220000000000000284e+01,3.507194044233257557e+01,1.799000000000000057e+02,5.801176884732830885e+00,2.381376266479492188e+01,5.288414955139160156e+00
4.200000000000000000e+01,3.420994270528758108e+01,1.799000000000000057e+02,5.185467249507604848e+00,2.230482101440429688e+01,4.762942790985107422e+00
4.220000000000000284e+01,3.591003130218447126e+01,1.799000000000000057e+02,4.744317277473635741e+00,2.135046958923339844e+01,5.394158363342285156e+00
4.229999999999999716e+01,3.436521484715056118e+01,1.799000000000000057e+02,7.107632529970104862e+00,2.043745040893554688e+01,4.799253940582275391e+00
5.550000000000000000e+01,3.764183666178445975e+01,1.748000000000000114e+02,6.008672890583115489e+00,2.877020835876464844e+01,7.095885276794433594e+00
5.570000000000000284e+01,3.697139593008675718e+01,1.743000000000000114e+02,6.717856018022104969e+00,2.752977371215820312e+01,7.841229438781738281e+00
5.600000000000000000e+01,3.773843756630366642e+01,1.234000000000000057e+02,6.768223028621836335e+00,2.946677207946777344e+01,7.132310867309570312e+00
6.029999999999999716e+01,2.545476907069283357e+01,1.200000000000000000e+02,1.335531777575614321e+01,6.077222824096679688e+00,1.186568021774291992e+01
6.150000000000000000e+01,2.495401833354668497e+01,1.195999999999999943e+02,1.311459884958482824e+01,6.733045578002929688e+00,1.111967802047729492e+01
6.150000000000000000e+01,2.427115007639766375e+01,1.192999999999999972e+02,1.386794856548667632e+01,6.441383361816406250e+00,1.170905113220214844e+01
6.260000000000000142e+01,2.481515106463500331e+01,1.194000000000000057e+02,1.327103372678504911e+01,8.184537887573242188e+00,1.082904815673828125e+01
6.420000000000000284e+01,2.247394433261010249e+01,1.185999999999999943e+02,1.248185965438317346e+01,9.628038406372070312e+00,1.146978855133056641e+01
6.329999999999999716e+01,2.209888147652611678e+01,1.189000000000000057e+02,1.175159897186770941e+01,1.061070442199707031e+01,1.104561328887939453e+01
6.229999999999999716e+01,2.241217550421260896e+01,1.190999999999999943e+02,1.210491481537560965e+01,1.201223373413085938e+01,1.153990745544433594e+01
6.440000000000000568e+01,1.989757025783433164e+01,1.184000000000000057e+02,1.065268926563541285e+01,1.003395080566406250e+01,1.138987302780151367e+01
6.570000000000000284e+01,2.015426343084654803e+01,1.184000000000000057e+02,9.592291762738126337e+00,1.112991333007812500e+01,1.043137550354003906e+01
6.659999999999999432e+01,1.849100533313242778e+01,1.179000000000000057e+02,9.726378508396368971e+00,1.086009979248046875e+01,1.104140281677246094e+01
6.470000000000000284e+01,1.772999209392053999e+01,1.179000000000000057e+02,1.021892419439194200e+01,1.245265007019042969e+01,1.036572933197021484e+01
6.470000000000000284e+01,1.876368214819081714e+01,1.184000000000000057e+02,9.122992362981644732e+00,1.399849891662597656e+01,9.677410125732421875e+00
6.440000000000000568e+01,1.781449785073692027e+01,1.180999999999999943e+02,9.591933628820020985e+00,1.153919219970703125e+01,9.602003097534179688e+00
6.329999999999999716e+01,1.671793553749294858e+01,1.180999999999999943e+02,1.028940412642433699e+01,9.532842636108398438e+00,9.304652214050292969e+00
6.260000000000000142e+01,1.587378032047202581e+01,1.179000000000000057e+02,1.119670046370855587e+01,1.196919441223144531e+01,8.836660385131835938e+00
6.490000000000000568e+01,1.554816423500369638e+01,9.829999999999999716e+01,1.061419915270613501e+01,1.293828010559082031e+01,9.145746231079101562e+00
6.540000000000000568e+01,1.708021887415252493e+01,9.940000000000000568e+01,1.108242194072431808e+01,1.267711639404296875e+01,8.338346481323242188e+00
6.470000000000000284e+01,1.799053888167064486e+01,1.177000000000000028e+02,1.190057719407340286e+01,1.420900344848632812e+01,8.478944301605224609e+00
6.540000000000000568e+01,1.875138153064267144e+01,1.177999999999999972e+02,1.199434864284184776e+01,1.295701026916503906e+01,8.697128295898437500e+00
6.370000000000000284e+01,1.947806030848241221e+01,1.180999999999999943e+02,1.222465200914011874e+01,1.104722023010253906e+01,9.188396930694580078e+00
6.659999999999999432e+01,1.784594495496368083e+01,9.979999999999999716e+01,1.115474683596704608e+01,1.086393356323242188e+01,9.846777915954589844e+00
6.540000000000000568e+01,1.896687603801152733e+01,1.177999999999999972e+02,1.232226127297807672e+01,1.361380577087402344e+01,9.411807060241699219e+00
7.000000000000000000e+01,1.856921676201794824e+01,9.870000000000000284e+01,1.114465660386006540e+01,1.629683494567871094e+01,9.595701694488525391e+00
6.659999999999999432e+01,2.048572620576286951e+01,1.179000000000000057e+02,1.228876432388873141e+01,1.791466712951660156e+01,9.910888671875000000e+00
6.540000000000000568e+01,2.235381016301169055e+01,1.185999999999999943e+02,1.143386934220838214e+01,1.670239448547363281e+01,9.602828025817871094e+00
6.659999999999999432e+01,2.030767445012971706e+01,1.179000000000000057e+02,1.249144302524102201e+01,1.670252799987792969e+01,1.003545761108398438e+01
7.000000000000000000e+01,1.739797509844673229e+01,9.790000000000000568e+01,1.019021191634243273e+01,1.753587722778320312e+01,9.716954231262207031e+00
7.000000000000000000e+01,1.811791335856218055e+01,9.829999999999999716e+01,1.076519976131132239e+01,1.772302627563476562e+01,9.200220108032226562e+00
7.000000000000000000e+01,1.499921121904783661e+01,9.609999999999999432e+01,8.240558409118710514e+00,1.767635345458984375e+01,9.519257545471191406e+00
7.000000000000000000e+01,1.349431644730693769e+01,9.509999999999999432e+01,6.426274315810567295e+00,1.875555992126464844e+01,9.392015933990478516e+00
7.000000000000000000e+01,1.250093256741875258e+01,9.379999999999999716e+01,6.142732016187794741e+00,1.685510635375976562e+01,8.994894027709960938e+00
7.000000000000000000e+01,1.310732974550150409e+01,9.359999999999999432e+01,7.576677857828654439e+00,1.665151596069335938e+01,8.406834602355957031e+00
7.000000000000000000e+01,1.453201153655606959e+01,9.370000000000000284e+01,9.574528809380497663e+00,1.786466598510742188e+01,8.067812919616699219e+00
7.000000000000000000e+01,1.262742971279192972e+01,9.209999999999999432e+01,8.293650195748092813e+00,1.923751831054687500e+01,8.637027740478515625e+00
7.000000000000000000e+01,1.192741006875026777e+01,9.209999999999999432e+01,7.165450054932406054e+00,2.180874824523925781e+01,8.492395877838134766e+00
7.000000000000000000e+01,1.330331013149201169e+01,9.209999999999999432e+01,8.365070229881975905e+00,2.425450325012207031e+01,8.831520080566406250e+00
7.000000000000000000e+01,1.088821009762915537e+01,9.020000000000000284e+01,7.100607342741796835e+00,2.231044769287109375e+01,8.511581420898437500e+00
7.000000000000000000e+01,1.018031602650565048e+01,9.020000000000000284e+01,5.736146643967260594e+00,2.373156547546386719e+01,8.246555328369140625e+00
7.000000000000000000e+01,1.048986671057255649e+01,8.950000000000000000e+01,6.742704231335192588e+00,2.553175926208496094e+01,7.629966735839843750e+00
7.000000000000000000e+01,9.957223005030604313e+00,8.970000000000000284e+01,5.477230585689066622e+00,2.500859260559082031e+01,7.832767963409423828e+00
7.000000000000000000e+01,8.196452021533088939e+00,8.890000000000000568e+01,3.844923662244151608e+00,2.405920982360839844e+01,7.506511211395263672e+00
7.000000000000000000e+01,6.652640841310770270e+00,8.820000000000000284e+01,2.372083936524227887e+00,2.491948127746582031e+01,6.915633678436279297e+00
7.000000000000000000e+01,6.566247037172142420e+00,8.800000000000000000e+01,2.390382642458636298e+00,2.408321380615234375e+01,7.521407604217529297e+00
7.000000000000000000e+01,6.827308442636979890e+00,8.759999999999999432e+01,2.692385227019665095e+00,2.597825050354003906e+01,6.833686828613281250e+00
7.000000000000000000e+01,8.201599504807649765e+00,8.890000000000000568e+01,3.103161441238493801e+00,2.812455177307128906e+01,6.888103485107421875e+00
4.339999999999999858e+01,2.060867743620093862e+01,7.500000000000000000e+01,2.878283871199542077e+01,6.350946426391601562e+00,1.540374279022216797e+01
4.360000000000000142e+01,2.251493417512143935e+01,7.500000000000000000e+01,3.055996848888104722e+01,5.540771484375000000e+00,1.463535785675048828e+01
4.320000000000000284e+01,1.957160966680105219e+01,7.500000000000000000e+01,2.823301207007720848e+01,3.773126602172851562e+00,1.538124799728393555e+01
4.300000000000000000e+01,1.948981454269102542e+01,7.500000000000000000e+01,2.834072567577197788e+01,6.515731811523437500e+00,1.437243938446044922e+01
4.260000000000000142e+01,1.930686534787135500e+01,7.500000000000000000e+01,2.904566352347961811e+01,5.420484542846679688e+00,1.459316968917846680e+01
4.260000000000000142e+01,2.013892559801046289e+01,7.500000000000000000e+01,3.114140108699332643e+01,2.786951065063476562e+00,1.480846643447875977e+01
4.229999999999999716e+01,2.012219769997617647e+01,7.500000000000000000e+01,3.176371928741925288e+01,3.019037246704101562e+00,1.413192033767700195e+01
4.360000000000000142e+01,4.692052157539421131e+01,1.799000000000000057e+02,1.324857510014890050e+00,2.138817787170410156e+01,7.972450256347656250e+00
4.360000000000000142e+01,4.624691358035249067e+01,1.799000000000000057e+02,1.621191745981481080e+00,2.248410224914550781e+01,8.545579910278320312e+00
4.360000000000000142e+01,4.557518742382131904e+01,1.799000000000000057e+02,1.982374606070828715e+00,2.351576805114746094e+01,8.828740119934082031e+00
4.320000000000000284e+01,4.351421246904137519e+01,1.799000000000000057e+02,3.606305625760564126e+00,2.267432212829589844e+01,8.761286735534667969e+00
4.320000000000000284e+01,4.170129772100813170e+01,1.799000000000000057e+02,4.807918118677720010e+00,2.037569999694824219e+01,8.344492912292480469e+00
4.260000000000000142e+01,3.955161816952009701e+01,1.799000000000000057e+02,5.067564279090631452e+00,2.007943153381347656e+01,8.220324516296386719e+00
4.260000000000000142e+01,3.895451024647500304e+01,1.799000000000000057e+02,5.476058401273932397e+00,1.834696769714355469e+01,9.133381843566894531e+00
4.300000000000000000e+01,4.161728069716778577e+01,1.799000000000000057e+02,3.802031225278152515e+00,1.600579261779785156e+01,8.952972888946533203e+00
4.320000000000000284e+01,4.158098692251478212e+01,1.799000000000000057e+02,5.042552572361117313e+00,1.876502990722656250e+01,7.855076789855957031e+00
4.300000000000000000e+01,4.024970765324986388e+01,1.799000000000000057e+02,5.583543980347926983e+00,2.054966926574707031e+01,7.077894210815429688e+00
4.260000000000000142e+01,3.938304382563834594e+01,1.799000000000000057e+02,5.359985793852080072e+00,2.283053398132324219e+01,6.509704589843750000e+00
4.300000000000000000e+01,4.228769728088019519e+01,1.799000000000000057e+02,4.104554925574538160e+00,2.364802360534667969e+01,6.761598587036132812e+00
4.279999999999999716e+01,4.157405778970187527e+01,1.799000000000000057e+02,3.924158027047829123e+00,2.483141899108886719e+01,7.271156311035156250e+00
4.250000000000000000e+01,3.883350279888966128e+01,1.799000000000000057e+02,5.416973099745887588e+00,2.282853126525878906e+01,7.915973663330078125e+00
4.220000000000000284e+01,3.863635068868357081e+01,1.799000000000000057e+02,3.943989738942244028e+00,2.051398277282714844e+01,8.050687313079833984e+00
4.220000000000000284e+01,3.831501280656600272e+01,1.799000000000000057e+02,4.081617307717489318e+00,1.900285720825195312e+01,8.611001968383789062e+00
4.220000000000000284e+01,3.714342500369817657e+01,1.799000000000000057e+02,4.122685726626639457e+00,2.003043174743652344e+01,8.283879756927490234e+00
4.229999999999999716e+01,3.774511820960152875e+01,1.799000000000000057e+02,4.429008867715079845e+00,2.019000053405761719e+01,8.075799942016601562e+00
4.229999999999999716e+01,3.994332843843367442e+01,1.799000000000000057e+02,2.763879068666026839e+00,2.249439239501953125e+01,7.427330017089843750e+00
4.250000000000000000e+01,4.069932972515012182e+01,1.799000000000000057e+02,2.170244875595581657e+00,2.263884544372558594e+01,7.909393310546875000e+00
4.260000000000000142e+01,4.103394817984366227e+01,1.799000000000000057e+02,2.477890608200126632e+00,2.314254760742187500e+01,8.073925971984863281e+00
4.260000000000000142e+01,4.172482179496646637e+01,1.799000000000000057e+02,1.254521298102250437e+00,2.263982772827148438e+01,7.468833923339843750e+00
4.260000000000000142e+01,4.117982079287985187e+01,1.799000000000000057e+02,6.544405965521794544e-01,2.398068428039550781e+01,7.651174068450927734e+00
4.250000000000000000e+01,4.106171747574146025e+01,1.799000000000000057e+02,7.998452206845114709e-01,2.567554473876953125e+01,8.047711849212646484e+00
4.260000000000000142e+01,4.162058058603687272e+01,1.799000000000000057e+02,9.205485211986996763e-01,2.590781211853027344e+01,7.437272071838378906e+00
4.260000000000000142e+01,4.049679498726916904e+01,1.799000000000000057e+02,1.672131252632819809e+00,2.480080604553222656e+01,7.587988376617431641e+00
4.260000000000000142e+01,4.009823070806260148e+01,1.799000000000000057e+02,2.756327423236163199e+00,2.259675025939941406e+01,7.920734882354736328e+00
4.200000000000000000e+01,3.895748675461311450e+01,1.799000000000000057e+02,1.882934938354146048e+00,2.321673393249511719e+01,7.347991466522216797e+00
4.170000000000000284e+01,3.720655655290752151e+01,1.799000000000000057e+02,2.185810745705804692e+00,2.381443023681640625e+01,7.501296997070312500e+00
4.189999999999999858e+01,3.737535178298607974e+01,1.799000000000000057e+02,2.780538798511378307e+00,2.547805786132812500e+01,7.733674049377441406e+00
4.229999999999999716e+01,4.030736943454478904e+01,1.799000000000000057e+02,1.479443032156846360e+00,2.449442863464355469e+01,7.310740947723388672e+00
4.229999999999999716e+01,4.192707328447039572e+01,1.799000000000000057e+02,9.246038881438035650e-01,2.467879295349121094e+01,7.108316421508789062e+00
7.000000000000000000e+01,1.365443702698510720e+01,1.180999999999999943e+02,2.129166431411804616e+00,1.172728538513183594e+01,4.602246284484863281e+00
6.540000000000000568e+01,1.497956776609334284e+01,1.184000000000000057e+02,2.976159278547341636e+00,1.209336280822753906e+01,4.547724723815917969e+00
6.540000000000000568e+01,1.591391988939778201e+01,1.187000000000000028e+02,2.243567449233001110e+00,1.305017471313476562e+01,4.542086124420166016e+00
6.659999999999999432e+01,1.390868513755776092e+01,1.180999999999999943e+02,3.295831881683257691e+00,1.181164741516113281e+01,5.479576587677001953e+00
6.540000000000000568e+01,1.153992808406799142e+01,1.170999999999999943e+02,4.441554028867466641e+00,1.278158187866210938e+01,6.083002090454101562e+00
6.659999999999999432e+01,9.294169305087628175e+00,9.900000000000000000e+01,4.395946393847735223e+00,1.181603431701660156e+01,5.575301647186279297e+00
6.700000000000000000e+01,9.088732968628118414e+00,9.959999999999999432e+01,3.356165798061817362e+00,1.361051559448242188e+01,5.376195907592773438e+00
6.659999999999999432e+01,8.581714484921008079e+00,9.759999999999999432e+01,4.035699938538205522e+00,1.204349517822265625e+01,6.046323776245117188e+00
6.540000000000000568e+01,6.616979065356880518e+00,9.559999999999999432e+01,3.486553591125546525e+00,1.417551040649414062e+01,6.402659416198730469e+00
6.470000000000000284e+01,7.687119573093157854e+00,9.690000000000000568e+01,4.735406585559798209e+00,1.217762947082519531e+01,6.213262081146240234e+00
6.260000000000000142e+01,8.591223659267765100e+00,9.720000000000000284e+01,6.574474140365408559e+00,1.299236297607421875e+01,5.768022537231445312e+00
6.420000000000000284e+01,9.174944653701990305e+00,9.759999999999999432e+01,5.717713515666633661e+00,1.386514663696289062e+01,6.109447479248046875e+00
6.540000000000000568e+01,7.415230225543263387e+00,9.620000000000000284e+01,4.345811004263389954e+00,1.578275680541992188e+01,5.685229301452636719e+00
6.540000000000000568e+01,6.793186911480891155e+00,9.579999999999999716e+01,3.948377296620870336e+00,1.373655319213867188e+01,5.480837821960449219e+00
6.260000000000000142e+01,7.431882358821572332e+00,9.690000000000000568e+01,5.729949709167585503e+00,1.135774612426757812e+01,5.452218055725097656e+00
6.329999999999999716e+01,6.159859495697050491e+00,9.540000000000000568e+01,4.751616260469073261e+00,1.287536621093750000e+01,5.800979137420654297e+00
6.260000000000000142e+01,6.746608213758570116e+00,9.620000000000000284e+01,5.456477356256059785e+00,1.536030769348144531e+01,5.900838375091552734e+00
6.229999999999999716e+01,8.574953947247008657e+00,9.690000000000000568e+01,6.989328195930326615e+00,1.499957084655761719e+01,5.707917213439941406e+00
6.150000000000000000e+01,8.667506025034159123e+00,9.829999999999999716e+01,6.752073077918648636e+00,1.401377677917480469e+01,5.840318202972412109e+00
6.089999999999999858e+01,9.258111590437646754e+00,9.759999999999999432e+01,8.349904361501911509e+00,1.310879707336425781e+01,5.211870670318603516e+00
6.089999999999999858e+01,7.718587066133963503e+00,9.609999999999999432e+01,7.230972175000962565e+00,1.079523086547851562e+01,5.071427822113037109e+00
6.150000000000000000e+01,6.175674858630455510e+00,9.479999999999999716e+01,5.873067440058932220e+00,1.217136383056640625e+01,5.211582183837890625e+00
6.229999999999999716e+01,4.147370245143729761e+00,9.250000000000000000e+01,4.624861880104386813e+00,1.359366416931152344e+01,5.423913002014160156e+00
5.829999999999999716e+01,2.042826955034133718e+01,1.202999999999999972e+02,9.782367064501757525e+00,2.291893959045410156e+01,1.206965446472167969e+01
5.789999999999999858e+01,2.083788469590242798e+01,1.205000000000000000e+02,9.176353117100772394e+00,2.183203697204589844e+01,1.285635948181152344e+01
5.739999999999999858e+01,2.156182624621056476e+01,1.207000000000000028e+02,9.391439773828796689e+00,2.339771270751953125e+01,1.237035274505615234e+01
5.789999999999999858e+01,2.149082004422995240e+01,1.205000000000000000e+02,1.003057572011599241e+01,2.573150634765625000e+01,1.168951272964477539e+01
5.739999999999999858e+01,2.213640184648283338e+01,1.207999999999999972e+02,9.959548387328789332e+00,2.659779548645019531e+01,1.241837024688720703e+01
5.739999999999999858e+01,2.281890238494112566e+01,1.209000000000000057e+02,8.890107108181807050e+00,2.852503776550292969e+01,1.238207101821899414e+01
5.739999999999999858e+01,2.505473536662846357e+01,1.212999999999999972e+02,9.132409740000563048e+00,2.744574546813964844e+01,1.258602380752563477e+01
5.660000000000000142e+01,2.755102281493464744e+01,1.217999999999999972e+02,1.008811656327805650e+01,2.899629592895507812e+01,1.190510272979736328e+01
5.700000000000000000e+01,2.918097625555706642e+01,1.217999999999999972e+02,9.440126010382586585e+00,3.111924171447753906e+01,1.225989341735839844e+01
5.720000000000000284e+01,2.843085996478567168e+01,1.215999999999999943e+02,9.852870599585875411e+00,3.391353607177734375e+01,1.152945995330810547e+01
5.700000000000000000e+01,2.843708181538129764e+01,1.217999999999999972e+02,8.087192049498302282e+00,3.608588218688964844e+01,1.149774312973022461e+01
5.689999999999999858e+01,2.846161572544378515e+01,1.217999999999999972e+02,9.492418611837333486e+00,3.800915718078613281e+01,1.053914070129394531e+01
5.639999999999999858e+01,2.691498893362133416e+01,1.217999999999999972e+02,1.044600352372952834e+01,3.623843193054199219e+01,1.084810972213745117e+01
5.700000000000000000e+01,2.683739002529869566e+01,1.215000000000000000e+02,1.000864158155765082e+01,3.589008331298828125e+01,1.155405282974243164e+01
5.700000000000000000e+01,2.545384642091710958e+01,1.212999999999999972e+02,1.082775469949745784e+01,3.380261421203613281e+01,1.172771930694580078e+01
5.789999999999999858e+01,2.329717082885784052e+01,1.207000000000000028e+02,9.540206239078129258e+00,3.448614120483398438e+01,1.217230796813964844e+01
5.789999999999999858e+01,2.348889740065407850e+01,1.209000000000000057e+02,7.562696038614290295e+00,3.369981765747070312e+01,1.279526948928833008e+01
5.829999999999999716e+01,2.423420657840210879e+01,1.207999999999999972e+02,6.535369098792283005e+00,3.159338951110839844e+01,1.270979166030883789e+01
5.829999999999999716e+01,2.369654446134778425e+01,1.207000000000000028e+02,8.066547350974330399e+00,3.126927375793457031e+01,1.299139738082885742e+01
5.789999999999999858e+01,2.251620826571795675e+01,1.207000000000000028e+02,7.782949903122393209e+00,3.057426452636718750e+01,1.369311809539794922e+01
5.739999999999999858e+01,2.395820765927438956e+01,1.210999999999999943e+02,8.156056982570175862e+00,3.218492507934570312e+01,1.373988151550292969e+01
5.750000000000000000e+01,2.280287890828846287e+01,1.209000000000000057e+02,8.467283646425068255e+00,3.048693656921386719e+01,1.373427867889404297e+01
5.700000000000000000e+01,2.304060842049981161e+01,1.210999999999999943e+02,8.390323360968706012e+00,3.029364585876464844e+01,1.444263458251953125e+01
5.789999999999999858e+01,2.397162607720769856e+01,1.209000000000000057e+02,8.106672580534604933e+00,3.197175025939941406e+01,1.410463809967041016e+01
5.829999999999999716e+01,2.378114654426949670e+01,1.207000000000000028e+02,7.254231921021787599e+00,3.172754287719726562e+01,1.453256607055664062e+01
5.889999999999999858e+01,2.434843533418311168e+01,1.205999999999999943e+02,6.368299960934891146e+00,2.993762016296386719e+01,1.482481479644775391e+01
5.889999999999999858e+01,2.536494891847969058e+01,1.207999999999999972e+02,5.927075354429333309e+00,2.811497688293457031e+01,1.479463100433349609e+01
5.860000000000000142e+01,2.643078103077067809e+01,1.210000000000000000e+02,6.980148214540585982e+00,2.600866317749023438e+01,1.462881326675415039e+01
5.889999999999999858e+01,2.704328291958131558e+01,1.209000000000000057e+02,6.799526366039653880e+00,2.809671401977539062e+01,1.485146999359130859e+01
5.889999999999999858e+01,2.546796919681628779e+01,1.207000000000000028e+02,7.834473146395728449e+00,2.575622558593750000e+01,1.532459735870361328e+01
5.829999999999999716e+01,2.714211015744771416e+01,1.210999999999999943e+02,7.961304585475783568e+00,2.632972717285156250e+01,1.563145399093627930e+01
5.810000000000000142e+01,2.779798600265873176e+01,1.212999999999999972e+02,7.371713426318252438e+00,2.612788200378417969e+01,1.560563564300537109e+01
5.860000000000000142e+01,2.657564743015182529e+01,1.210000000000000000e+02,6.998731418157610129e+00,2.455464363098144531e+01,1.555287599563598633e+01
5.889999999999999858e+01,2.563732475606091654e+01,1.207999999999999972e+02,7.779249948055464436e+00,2.227211952209472656e+01,1.599581241607666016e+01
5.920000000000000284e+01,2.507836668067950825e+01,1.205999999999999943e+02,8.635711369877396848e+00,2.201995849609375000e+01,1.564433813095092773e+01
5.970000000000000284e+01,2.242409309234820824e+01,1.200999999999999943e+02,9.021889839512562403e+00,2.188313484191894531e+01,1.515549182891845703e+01
5.920000000000000284e+01,2.212586814810174474e+01,1.200999999999999943e+02,1.036643008125157905e+01,2.270442008972167969e+01,1.546944379806518555e+01
5.939999999999999858e+01,2.034331538789846050e+01,1.197999999999999972e+02,9.789232183193842474e+00,2.118033409118652344e+01,1.585867404937744141e+01
6.010000000000000142e+01,2.030276450183818326e+01,1.197000000000000028e+02,8.906702831797502995e+00,1.908886909484863281e+01,1.662758469581604004e+01
5.939999999999999858e+01,2.218265592085049320e+01,1.200999999999999943e+02,9.475911260127507063e+00,1.948216438293457031e+01,1.580534934997558594e+01
5.889999999999999858e+01,2.117844722393296664e+01,1.202000000000000028e+02,9.851904430691758918e+00,2.086592674255371094e+01,1.604298830032348633e+01
5.829999999999999716e+01,2.361882106793109060e+01,1.205999999999999943e+02,1.063734539625930964e+01,1.884247779846191406e+01,1.648572921752929688e+01
5.829999999999999716e+01,2.464138053909736215e+01,1.207999999999999972e+02,9.421318395628073716e+00,2.046760559082031250e+01,1.645862817764282227e+01
5.829999999999999716e+01,2.335242645267801365e+01,1.205999999999999943e+02,1.102295410082605009e+01,1.918944358825683594e+01,1.698360204696655273e+01
5.789999999999999858e+01,2.427689929425225301e+01,1.207999999999999972e+02,1.052962789216375761e+01,2.039158821105957031e+01,1.702025890350341797e+01
5.789999999999999858e+01,2.502410241980925321e+01,1.209000000000000057e+02,1.151321104401755235e+01,1.857821464538574219e+01,1.641817331314086914e+01
5.789999999999999858e+01,2.407355469436104300e+01,1.207000000000000028e+02,1.186935771655633864e+01,1.932232856750488281e+01,1.580297231674194336e+01
5.760000000000000142e+01,2.427950070190993515e+01,1.207999999999999972e+02,1.324221686430866995e+01,1.667047500610351562e+01,1.679713964462280273e+01
5.700000000000000000e+01,2.349428287128989723e+01,1.210000000000000000e+02,1.405124879518164605e+01,1.866487503051757812e+01,1.685628533363342285e+01
5.700000000000000000e+01,2.195457854574687317e+01,1.207999999999999972e+02,1.380381599727736130e+01,2.015216827392578125e+01,1.669374465942382812e+01
5.679999999999999716e+01,2.353707340961791061e+01,1.210999999999999943e+02,1.255271961115465729e+01,2.053242683410644531e+01,1.656932115554809570e+01
5.670000000000000284e+01,2.321316266176519960e+01,1.197999999999999972e+02,2.847366949213604315e+01,2.730523109436035156e+01,2.015082836151123047e+00
5.679999999999999716e+01,2.468547583315659821e+01,1.202999999999999972e+02,2.718779216649962649e+01,2.857119560241699219e+01,2.497220039367675781e+00
5.739999999999999858e+01,2.339417694805898407e+01,1.197000000000000028e+02,2.642754091276931661e+01,3.065690994262695312e+01,1.996884346008300781e+00
5.750000000000000000e+01,2.167714526235077344e+01,7.500000000000000000e+01,2.644601272889740784e+01,3.258555412292480469e+01,1.741802692413330078e+00
5.739999999999999858e+01,2.012806295573987114e+01,7.500000000000000000e+01,2.511604088675856516e+01,3.294492721557617188e+01,1.266129016876220703e+00
5.739999999999999858e+01,2.193590842591367363e+01,7.500000000000000000e+01,2.684023637058010792e+01,3.546920776367187500e+01,1.428570747375488281e+00
5.739999999999999858e+01,2.195538176987115619e+01,1.195000000000000000e+02,2.609632579802672936e+01,3.314070701599121094e+01,2.296247482299804688e+00
5.689999999999999858e+01,2.184916375333723693e+01,1.195999999999999943e+02,2.691042101731254022e+01,3.272827148437500000e+01,2.301807403564453125e+00
5.750000000000000000e+01,2.148914017926477271e+01,7.500000000000000000e+01,2.620195072225645205e+01,3.228100776672363281e+01,2.588820457458496094e+00
5.760000000000000142e+01,2.454434420623019975e+01,1.199000000000000057e+02,2.576264892904518788e+01,3.080959320068359375e+01,1.954989433288574219e+00
5.789999999999999858e+01,2.455258691441994401e+01,1.195999999999999943e+02,2.631354675786859332e+01,3.215497016906738281e+01,1.936349868774414062e+00
5.720000000000000284e+01,2.725081464636440387e+01,1.205000000000000000e+02,2.757027517515579262e+01,3.487607002258300781e+01,1.405553817749023438e+00
5.670000000000000284e+01,2.868690579008452701e+01,1.210999999999999943e+02,2.765052940404812531e+01,3.466925621032714844e+01,1.393008232116699219e+00
5.689999999999999858e+01,2.620404033310978775e+01,1.205000000000000000e+02,2.693619708320601092e+01,3.214087486267089844e+01,1.931605339050292969e+00
5.700000000000000000e+01,2.909246722686211939e+01,1.210999999999999943e+02,2.673618839644151279e+01,3.366370201110839844e+01,1.729831695556640625e+00
5.679999999999999716e+01,2.756734446800633265e+01,1.207999999999999972e+02,2.759686354875605119e+01,3.177689552307128906e+01,2.518754005432128906e+00
5.629999999999999716e+01,2.853707277198697767e+01,1.799000000000000057e+02,2.830299193415419978e+01,3.295473098754882812e+01,1.549959182739257812e+00
5.610000000000000142e+01,2.836937504837283086e+01,1.799000000000000057e+02,2.777647620945786144e+01,3.327588081359863281e+01,1.548810005187988281e+00
5.550000000000000000e+01,2.922483367902564311e+01,1.799000000000000057e+02,2.614839873911681067e+01,3.546327590942382812e+01,8.273983001708984375e-01
5.589999999999999858e+01,2.790163329859956320e+01,1.799000000000000057e+02,2.796029162007819124e+01,3.796011924743652344e+01,6.245017051696777344e-01
5.550000000000000000e+01,2.729024063755385043e+01,1.799000000000000057e+02,2.764691150593144897e+01,3.942988395690917969e+01,0.000000000000000000e+00
5.750000000000000000e+01,2.989384602145586456e+01,1.200000000000000000e+02,6.138944952225251252e-03,3.869524002075195312e+00,1.137843608856201172e+01
5.770000000000000284e+01,2.853329138160121659e+01,1.200000000000000000e+02,5.799402345262955755e-03,4.948081970214843750e+00,1.148423671722412109e+01
5.810000000000000142e+01,2.649155181733068787e+01,1.200000000000000000e+02,3.806724061544309624e-03,4.142503738403320312e+00,1.242029905319213867e+01
5.789999999999999858e+01,2.787383374975663486e+01,1.200000000000000000e+02,3.998474060637594030e-03,5.753755569458007812e+00,1.229031562805175781e+01
5.739999999999999858e+01,2.788335227407581129e+01,1.242999999999999972e+02,3.396215630588117484e-03,5.700445175170898438e+00,1.273921966552734375e+01
5.789999999999999858e+01,2.701278252218695286e+01,1.200000000000000000e+02,3.960902139533284752e-03,5.308589935302734375e+00,1.237662315368652344e+01
5.539999999999999858e+01,4.108538427381819247e+01,1.799000000000000057e+02,1.596265718954256663e+01,1.842777252197265625e+01,6.178596019744873047e+00
5.550000000000000000e+01,4.302562031586405311e+01,1.799000000000000057e+02,1.499911097661619408e+01,1.897105216979980469e+01,5.655319690704345703e+00
5.550000000000000000e+01,4.259741097902860929e+01,1.799000000000000057e+02,1.512382941004906201e+01,2.188376426696777344e+01,4.847543239593505859e+00
5.560000000000000142e+01,4.180735361857787780e+01,1.799000000000000057e+02,1.607046182705677495e+01,2.227878570556640625e+01,4.623069763183593750e+00
5.510000000000000142e+01,4.184374444347681532e+01,1.799000000000000057e+02,1.461497530369965503e+01,2.349655151367187500e+01,4.145712852478027344e+00
5.550000000000000000e+01,4.116381708565096176e+01,1.799000000000000057e+02,1.546562943323916883e+01,2.165556907653808594e+01,4.277825355529785156e+00
5.550000000000000000e+01,4.066462107707353368e+01,1.799000000000000057e+02,1.537004123984229054e+01,2.210488319396972656e+01,3.690996170043945312e+00
5.529999999999999716e+01,4.014243438784578899e+01,1.799000000000000057e+02,1.508997413204962434e+01,2.211314201354980469e+01,3.537094593048095703e+00
5.570000000000000284e+01,3.816300516365932793e+01,1.799000000000000057e+02,1.688392903986599336e+01,2.057142257690429688e+01,3.750789165496826172e+00
5.560000000000000142e+01,3.830748727642036044e+01,1.799000000000000057e+02,1.631463839587858544e+01,2.033333778381347656e+01,3.949713706970214844e+00
5.570000000000000284e+01,3.818831637729218897e+01,1.799000000000000057e+02,1.701914390726112813e+01,2.271293640136718750e+01,3.804011344909667969e+00
5.560000000000000142e+01,3.779232987430825830e+01,1.799000000000000057e+02,1.685019657029605611e+01,2.049712181091308594e+01,4.867615699768066406e+00
5.529999999999999716e+01,3.784814780363375775e+01,1.799000000000000057e+02,1.626074386646760672e+01,2.282626152038574219e+01,5.317628383636474609e+00
5.529999999999999716e+01,3.701303479390596607e+01,1.799000000000000057e+02,1.623202284524346695e+01,2.358820915222167969e+01,4.828767776489257812e+00
5.529999999999999716e+01,3.967859836806434259e+01,1.799000000000000057e+02,1.452480697280551958e+01,2.345852851867675781e+01,4.931609630584716797e+00
5.529999999999999716e+01,3.876756371919216804e+01,1.799000000000000057e+02,1.528282420994445090e+01,2.253842353820800781e+01,4.604120254516601562e+00
4.320000000000000284e+01,3.684340952620036802e+01,1.799000000000000057e+02,1.596647117128969739e+01,2.276347160339355469e+01,5.101118087768554688e+00
4.300000000000000000e+01,3.469497344625630575e+01,1.799000000000000057e+02,1.721146833995455694e+01,2.219789505004882812e+01,4.584317207336425781e+00
4.260000000000000142e+01,3.373036105031570742e+01,1.799000000000000057e+02,1.677896700093403837e+01,2.193891525268554688e+01,3.957462310791015625e+00
4.279999999999999716e+01,3.413461457125399079e+01,1.799000000000000057e+02,1.723423676614081401e+01,2.190508842468261719e+01,4.522352218627929688e+00
4.300000000000000000e+01,3.255948623960870236e+01,1.799000000000000057e+02,1.894924354273871003e+01,2.325013160705566406e+01,4.085431098937988281e+00
4.360000000000000142e+01,3.370926094665765049e+01,1.799000000000000057e+02,1.948044830016627671e+01,2.372670173645019531e+01,4.792943000793457031e+00
4.360000000000000142e+01,3.349834423227778757e+01,1.799000000000000057e+02,1.964198073439333925e+01,2.447422027587890625e+01,4.512476921081542969e+00
5.550000000000000000e+01,3.444983411176917798e+01,1.799000000000000057e+02,1.931608275057384105e+01,2.368627548217773438e+01,4.956271648406982422e+00
5.529999999999999716e+01,3.560527563332388468e+01,1.799000000000000057e+02,1.789202312840136244e+01,2.221776008605957031e+01,5.943264961242675781e+00
5.529999999999999716e+01,3.483878997007649048e+01,1.799000000000000057e+02,1.794358672158943335e+01,1.998761177062988281e+01,6.607692241668701172e+00
4.320000000000000284e+01,3.383365130528842712e+01,1.799000000000000057e+02,1.807574006252637844e+01,2.110405921936035156e+01,6.469199657440185547e+00
4.279999999999999716e+01,3.076342476015969751e+01,1.799000000000000057e+02,1.900238399837992631e+01,2.200634956359863281e+01,6.804685592651367188e+00
4.320000000000000284e+01,3.063275214973122473e+01,1.799000000000000057e+02,2.057237689113214785e+01,2.034133911132812500e+01,6.352150440216064453e+00
4.320000000000000284e+01,3.131717982152028412e+01,1.799000000000000057e+02,1.981295193723531156e+01,2.018785476684570312e+01,6.542818546295166016e+00
4.320000000000000284e+01,2.981654979296688168e+01,1.799000000000000057e+02,2.146177437935467580e+01,1.885520935058593750e+01,6.710209846496582031e+00
5.560000000000000142e+01,3.143055120662571866e+01,1.799000000000000057e+02,2.104367969550095552e+01,2.027379035949707031e+01,6.465253829956054688e+00
5.589999999999999858e+01,2.934301549022583089e+01,1.799000000000000057e+02,2.252784297499268007e+01,1.898582458496093750e+01,5.995502471923828125e+00
5.550000000000000000e+01,3.071685908044987556e+01,1.799000000000000057e+02,2.096390589005445548e+01,2.030438423156738281e+01,6.308538913726806641e+00
5.560000000000000142e+01,2.866958243295337638e+01,1.799000000000000057e+02,2.288366520923571201e+01,1.995524406433105469e+01,7.008590698242187500e+00
5.589999999999999858e+01,2.898567170229248546e+01,1.799000000000000057e+02,2.385875691430529244e+01,1.916220664978027344e+01,6.631567478179931641e+00
5.589999999999999858e+01,2.986588805954361803e+01,1.799000000000000057e+02,2.304254348457722301e+01,2.075384140014648438e+01,6.724259853363037109e+00
5.589999999999999858e+01,3.079122798710262288e+01,1.799000000000000057e+02,2.353260644589422768e+01,1.996116638183593750e+01,7.429466247558593750e+00
5.629999999999999716e+01,2.893804719834374239e+01,1.215999999999999943e+02,2.476542384359422044e+01,1.983094215393066406e+01,6.878576278686523438e+00
5.620000000000000284e+01,2.941398912194500070e+01,1.799000000000000057e+02,2.498258422802013712e+01,1.807994842529296875e+01,7.519035339355468750e+00
5.639999999999999858e+01,2.874290576628718696e+01,1.799000000000000057e+02,2.540291928525731180e+01,1.638014793395996094e+01,7.647423744201660156e+00
5.589999999999999858e+01,3.018511609420472297e+01,1.799000000000000057e+02,2.352884222487758947e+01,1.533967018127441406e+01,7.305035591125488281e+00
5.570000000000000284e+01,3.183002375760776204e+01,1.799000000000000057e+02,2.201774370481101784e+01,1.742333412170410156e+01,6.570653915405273438e+00
5.520000000000000284e+01,3.357144461694589666e+01,1.799000000000000057e+02,2.005698217349047852e+01,1.525070190429687500e+01,6.848480701446533203e+00
5.529999999999999716e+01,3.467623440939972568e+01,1.799000000000000057e+02,1.960243061899731742e+01,1.683059692382812500e+01,6.808917522430419922e+00
4.360000000000000142e+01,3.302668479980002303e+01,1.799000000000000057e+02,1.940925892882696147e+01,1.592198371887207031e+01,6.588771343231201172e+00
4.360000000000000142e+01,3.096504710004314731e+01,1.799000000000000057e+02,2.151310519734723670e+01,1.754329681396484375e+01,6.164398193359375000e+00
5.550000000000000000e+01,3.178873019690620083e+01,1.799000000000000057e+02,2.254886960118928840e+01,1.583984375000000000e+01,5.867910385131835938e+00
5.550000000000000000e+01,3.342739134620158836e+01,1.799000000000000057e+02,2.133453229847616939e+01,1.347022056579589844e+01,6.246802806854248047e+00
5.539999999999999858e+01,3.326881610263506417e+01,1.799000000000000057e+02,2.130307786032166106e+01,1.135110855102539062e+01,6.210098266601562500e+00
4.360000000000000142e+01,3.445632231588591310e+01,1.799000000000000057e+02,1.966552392037740660e+01,1.198321342468261719e+01,6.163668632507324219e+00
7.000000000000000000e+01,1.121844063980327100e+01,1.015000000000000000e+02,3.233490231697944584e+00,1.202475547790527344e+01,4.783122539520263672e+00
7.000000000000000000e+01,1.080378650733956292e+01,1.012000000000000028e+02,2.364053120821163034e+00,1.129657745361328125e+01,4.627020359039306641e+00
4.150000000000000000e+01,4.686498745276662881e+00,1.799000000000000057e+02,2.060530432903947329e+01,4.266285896301269531e+01,7.286133766174316406e+00
4.170000000000000284e+01,3.599346422746549479e+00,1.799000000000000057e+02,2.065685550549185123e+01,4.221790313720703125e+01,6.943798065185546875e+00
6.150000000000000000e+01,2.601896176814687323e+01,1.200999999999999943e+02,8.406367205409958743e+00,7.006168365478515625e+00,1.922184228897094727e+01
6.229999999999999716e+01,2.531377291637089044e+01,1.197999999999999972e+02,7.726403667328075819e+00,7.811794281005859375e+00,1.955203771591186523e+01
6.150000000000000000e+01,2.565352639799642276e+01,1.200000000000000000e+02,8.634838199375009182e+00,5.621242523193359375e+00,1.967216253280639648e+01
6.089999999999999858e+01,2.584514852785046912e+01,1.200999999999999943e+02,8.663427055632391571e+00,7.075014114379882812e+00,1.998647212982177734e+01
6.029999999999999716e+01,2.571025511660822715e+01,1.202999999999999972e+02,7.724121951430222843e+00,9.202222824096679688e+00,1.926343679428100586e+01
5.970000000000000284e+01,2.687187409998232823e+01,1.205999999999999943e+02,7.502817216355024854e+00,1.128453254699707031e+01,1.825552940368652344e+01
6.050000000000000000e+01,2.613165646485309423e+01,1.202999999999999972e+02,7.854248154859885034e+00,1.012429237365722656e+01,1.776830554008483887e+01
6.029999999999999716e+01,2.570835266185561352e+01,1.202000000000000028e+02,9.366810615249411498e+00,9.846277236938476562e+00,1.763571619987487793e+01
6.029999999999999716e+01,2.448714790169526978e+01,1.200999999999999943e+02,1.009360025260886928e+01,8.957700729370117188e+00,1.779399633407592773e+01
6.150000000000000000e+01,2.434069017558071479e+01,1.197999999999999972e+02,1.004912042277095097e+01,9.664239883422851562e+00,1.704385519027709961e+01
6.089999999999999858e+01,2.447885642743491985e+01,1.200000000000000000e+02,1.028002364373312716e+01,9.658441543579101562e+00,1.745529770851135254e+01
6.010000000000000142e+01,2.458518442620764333e+01,1.200999999999999943e+02,1.106942513669036998e+01,9.054203033447265625e+00,1.834535360336303711e+01
6.029999999999999716e+01,2.176493197481791242e+01,1.195999999999999943e+02,1.208279074097090344e+01,1.067663192749023438e+01,1.881245732307434082e+01
6.050000000000000000e+01,2.223328787542942564e+01,1.195999999999999943e+02,1.208287448718306223e+01,9.221487045288085938e+00,1.905363798141479492e+01
6.029999999999999716e+01,2.300556780837757387e+01,1.197999999999999972e+02,1.128793883287292132e+01,8.009338378906250000e+00,1.944162011146545410e+01
6.010000000000000142e+01,2.314940058637808917e+01,1.197999999999999972e+02,1.269719188035487001e+01,1.053236007690429688e+01,1.876155614852905273e+01
6.010000000000000142e+01,2.153054232252917899e+01,1.195999999999999943e+02,1.257552227766557884e+01,9.009742736816406250e+00,1.933250784873962402e+01
6.010000000000000142e+01,1.900602764994488325e+01,1.192000000000000028e+02,1.280367822887541251e+01,8.952608108520507812e+00,1.975358486175537109e+01
6.029999999999999716e+01,1.726165602951261135e+01,1.187000000000000028e+02,1.327672771981908895e+01,7.994718551635742188e+00,2.065474033355712891e+01
5.970000000000000284e+01,1.891777437146604512e+01,1.192000000000000028e+02,1.465282032976866589e+01,6.888866424560546875e+00,2.074927806854248047e+01
6.089999999999999858e+01,1.848329717598724642e+01,1.187000000000000028e+02,1.407536465105475898e+01,7.859153747558593750e+00,2.052387714385986328e+01
6.089999999999999858e+01,1.926385086227037036e+01,1.190999999999999943e+02,1.242037642474989312e+01,6.927700042724609375e+00,2.141589164733886719e+01
5.989999999999999858e+01,1.962977919276727334e+01,1.194000000000000057e+02,1.192041244980319981e+01,7.415590286254882812e+00,2.108158588409423828e+01
6.050000000000000000e+01,2.094832844016751849e+01,1.195000000000000000e+02,1.197453451408869007e+01,8.877201080322265625e+00,2.147883176803588867e+01
6.089999999999999858e+01,2.042556957466284473e+01,1.192000000000000028e+02,1.217419889631975138e+01,8.838281631469726562e+00,2.222327947616577148e+01
6.110000000000000142e+01,1.963562561035346121e+01,1.190000000000000000e+02,1.233641428743371549e+01,6.831541061401367188e+00,2.192353725433349609e+01
6.150000000000000000e+01,1.792821882461311489e+01,1.185999999999999943e+02,1.346174748601853111e+01,4.503965377807617188e+00,2.260370731353759766e+01
6.150000000000000000e+01,1.912463098068424827e+01,1.187000000000000028e+02,1.311118702652832013e+01,6.432256698608398438e+00,2.212590217590332031e+01
6.110000000000000142e+01,2.050969614251542694e+01,1.190000000000000000e+02,1.356367438248696722e+01,5.563211441040039062e+00,2.186450242996215820e+01
6.089999999999999858e+01,2.052023684533990888e+01,1.190000000000000000e+02,1.484176130687757400e+01,7.179880142211914062e+00,2.215974569320678711e+01
6.150000000000000000e+01,1.930710458119340700e+01,1.187000000000000028e+02,1.393447493210996768e+01,5.492696762084960938e+00,2.298369169235229492e+01
6.260000000000000142e+01,1.915002710041769518e+01,1.184000000000000057e+02,1.288667503625396016e+01,6.877479553222656250e+00,2.347067594528198242e+01
6.110000000000000142e+01,2.119712445956955094e+01,1.190999999999999943e+02,1.389486978959958030e+01,8.731565475463867188e+00,2.281227588653564453e+01
6.150000000000000000e+01,1.940525767002888458e+01,1.187000000000000028e+02,1.321528737181660418e+01,6.584615707397460938e+00,2.303831100463867188e+01
6.229999999999999716e+01,1.687626961335885767e+01,1.180999999999999943e+02,1.345290713328031806e+01,8.731260299682617188e+00,2.232444047927856445e+01
6.150000000000000000e+01,1.746477168787610523e+01,1.180999999999999943e+02,1.421797723617609854e+01,7.316780090332031250e+00,2.249606132507324219e+01
6.150000000000000000e+01,1.882571929085720441e+01,1.187000000000000028e+02,1.271108330680836573e+01,5.671663284301757812e+00,2.213588237762451172e+01
6.150000000000000000e+01,1.990403855941944045e+01,1.190000000000000000e+02,1.208578186716971992e+01,8.134288787841796875e+00,2.106325864791870117e+01
6.150000000000000000e+01,1.942438469937203394e+01,1.190999999999999943e+02,1.154631020525208740e+01,6.033306121826171875e+00,2.210115432739257812e+01
6.089999999999999858e+01,1.770909010808991724e+01,1.187000000000000028e+02,1.275152820329189751e+01,6.989803314208984375e+00,2.241114139556884766e+01
6.229999999999999716e+01,1.783891907806196286e+01,1.184000000000000057e+02,1.175483336940431123e+01,9.020080566406250000e+00,2.149374008178710938e+01
6.150000000000000000e+01,1.857537191539706356e+01,1.187000000000000028e+02,1.155506577325878226e+01,1.073978424072265625e+01,2.081357955932617188e+01
6.229999999999999716e+01,1.581741454869208319e+01,1.180999999999999943e+02,1.192443007711363201e+01,1.119814872741699219e+01,2.121770858764648438e+01
6.110000000000000142e+01,1.556664381958915655e+01,1.180999999999999943e+02,1.310842277050142357e+01,1.135199546813964844e+01,2.085668325424194336e+01
6.010000000000000142e+01,1.587156076350630762e+01,1.185999999999999943e+02,1.316465310029289171e+01,1.164313316345214844e+01,2.082974433898925781e+01
6.010000000000000142e+01,1.763431141701937577e+01,1.189000000000000057e+02,1.383515416654652341e+01,1.010650634765625000e+01,2.170181512832641602e+01
5.889999999999999858e+01,2.077285752538752917e+01,1.197000000000000028e+02,1.553737406740800253e+01,1.098788261413574219e+01,2.181735038757324219e+01
5.939999999999999858e+01,2.029442544695367445e+01,1.195000000000000000e+02,1.479207053272023131e+01,1.052003860473632812e+01,2.111214160919189453e+01
6.010000000000000142e+01,1.951405747813528890e+01,1.190999999999999943e+02,1.454248344468225085e+01,8.720064163208007812e+00,2.158287525177001953e+01
5.989999999999999858e+01,1.895762734682121931e+01,1.190000000000000000e+02,1.558228903881211735e+01,8.610525131225585938e+00,2.094255447387695312e+01
6.050000000000000000e+01,1.871145227911206987e+01,1.187000000000000028e+02,1.599935909827964231e+01,7.506628036499023438e+00,2.140163898468017578e+01
7.000000000000000000e+01,1.720291590583635255e+01,1.177999999999999972e+02,8.505082966260216537e+00,3.307339668273925781e+01,1.004153966903686523e+01
6.540000000000000568e+01,1.685485156219895231e+01,1.179000000000000057e+02,8.414770792468255323e+00,3.182040214538574219e+01,1.032630920410156250e+01
6.540000000000000568e+01,1.725053706544416343e+01,1.180999999999999943e+02,8.270223399964585553e+00,2.909836769104003906e+01,1.150526285171508789e+01
7.000000000000000000e+01,1.450965489341924908e+01,1.170999999999999943e+02,6.844689150287979196e+00,2.849816322326660156e+01,1.135032176971435547e+01
6.850000000000000000e+01,1.454824885011909785e+01,1.175000000000000000e+02,7.423700633870017107e+00,2.750067710876464844e+01,1.221223831176757812e+01
6.540000000000000568e+01,1.307761275599259321e+01,1.170999999999999943e+02,7.520826131418276717e+00,2.740490913391113281e+01,1.274958133697509766e+01
6.540000000000000568e+01,1.279879411021224911e+01,1.170999999999999943e+02,7.997166701850817461e+00,2.743516921997070312e+01,1.346881389617919922e+01
6.420000000000000284e+01,1.156023485016072527e+01,1.170999999999999943e+02,8.653393236145511480e+00,2.470601081848144531e+01,1.353440761566162109e+01
6.300000000000000000e+01,1.190220372296967355e+01,1.170999999999999943e+02,9.883496831539000382e+00,2.419051170349121094e+01,1.365347385406494141e+01
6.329999999999999716e+01,1.182315158133995503e+01,1.170999999999999943e+02,9.354462343762241616e+00,2.496041297912597656e+01,1.351387500762939453e+01
6.229999999999999716e+01,1.220123503626159334e+01,1.177999999999999972e+02,9.696676757935572155e+00,2.203502655029296875e+01,1.343649387359619141e+01
6.229999999999999716e+01,1.028614748152140201e+01,9.509999999999999432e+01,1.003815982238187843e+01,2.306758880615234375e+01,1.273360013961791992e+01
6.329999999999999716e+01,1.086596756626914484e+01,9.509999999999999432e+01,9.663910364120395613e+00,2.228281021118164062e+01,1.209714412689208984e+01
6.540000000000000568e+01,1.092905473292593044e+01,9.509999999999999432e+01,8.769282675528479842e+00,2.502036094665527344e+01,1.104797363281250000e+01
6.389999999999999858e+01,1.036167902787148698e+01,9.450000000000000000e+01,9.059536838763545319e+00,2.278487205505371094e+01,1.139287948608398438e+01
6.659999999999999432e+01,1.070146216146877727e+01,9.450000000000000000e+01,8.233047046549776482e+00,2.563920021057128906e+01,1.167694568634033203e+01
6.470000000000000284e+01,1.190680491184937750e+01,9.720000000000000284e+01,9.024326129770352978e+00,2.445370674133300781e+01,1.184780597686767578e+01
6.490000000000000568e+01,1.208349135326860235e+01,1.170999999999999943e+02,7.720555611848340938e+00,2.237345695495605469e+01,1.181373596191406250e+01
6.420000000000000284e+01,1.130848902778972942e+01,1.170999999999999943e+02,8.609678083591349562e+00,2.335606575012207031e+01,1.208401679992675781e+01
6.470000000000000284e+01,9.410898532409960993e+00,9.509999999999999432e+01,7.734175519400087850e+00,2.079483985900878906e+01,1.321471691131591797e+01
6.420000000000000284e+01,8.949970515665263804e+00,9.440000000000000568e+01,7.792197504084281690e+00,2.222023963928222656e+01,1.346257925033569336e+01
6.260000000000000142e+01,8.406818705049648344e+00,9.340000000000000568e+01,8.551945330265830592e+00,2.045224189758300781e+01,1.318619489669799805e+01
6.229999999999999716e+01,1.008926876515753790e+01,1.170999999999999943e+02,9.246018761692528898e+00,1.854222297668457031e+01,1.297418594360351562e+01
6.150000000000000000e+01,9.183517719619580078e+00,1.170999999999999943e+02,9.715939254860471053e+00,1.988359451293945312e+01,1.240931034088134766e+01
6.160000000000000142e+01,7.053502524672730978e+00,9.170000000000000284e+01,8.488791647887799385e+00,2.173159599304199219e+01,1.163062095642089844e+01
6.329999999999999716e+01,6.882522136395492041e+00,9.020000000000000284e+01,7.590984119222286886e+00,2.064280509948730469e+01,1.100403308868408203e+01
6.300000000000000000e+01,4.736450333862821438e+00,7.500000000000000000e+01,6.103482842191551683e+00,2.201123237609863281e+01,1.089436054229736328e+01
6.150000000000000000e+01,5.907130082984966890e+00,7.500000000000000000e+01,8.033212634748061021e+00,2.316010475158691406e+01,1.120875835418701172e+01
4.220000000000000284e+01,4.518552106359878451e+01,1.799000000000000057e+02,3.900317436798184545e+00,1.386813163757324219e+01,3.871901035308837891e+00
4.200000000000000000e+01,4.392633229918730109e+01,1.799000000000000057e+02,3.657233630105227284e+00,1.588156700134277344e+01,3.503570556640625000e+00
4.200000000000000000e+01,4.307621000033562808e+01,1.799000000000000057e+02,4.620281301125706008e+00,1.817233085632324219e+01,3.482432365417480469e+00
4.200000000000000000e+01,4.311513243509612181e+01,1.799000000000000057e+02,5.182904439554021359e+00,1.810832023620605469e+01,3.937087059020996094e+00
4.170000000000000284e+01,4.011761126912583109e+01,1.799000000000000057e+02,6.922053171730252252e+00,1.661798477172851562e+01,4.058504104614257812e+00
4.189999999999999858e+01,4.224660679331192625e+01,1.799000000000000057e+02,5.733246676611326365e+00,1.569439888000488281e+01,3.821554183959960938e+00
4.250000000000000000e+01,4.652503931533131265e+01,1.799000000000000057e+02,4.581107127577135785e+00,1.843499183654785156e+01,3.447082042694091797e+00
4.229999999999999716e+01,4.629679738781270260e+01,1.799000000000000057e+02,3.313890801740665637e+00,1.677483558654785156e+01,2.963757514953613281e+00
4.229999999999999716e+01,4.701074658213219948e+01,1.799000000000000057e+02,3.185885704956292752e+00,1.510359764099121094e+01,3.156509399414062500e+00
4.200000000000000000e+01,4.627423135068848836e+01,1.799000000000000057e+02,2.244514145646097525e+00,1.335568428039550781e+01,4.097297191619873047e+00
4.220000000000000284e+01,4.649593200310172847e+01,1.799000000000000057e+02,2.262792749203855092e+00,1.104563713073730469e+01,3.978977203369140625e+00
4.189999999999999858e+01,4.435976598458279341e+01,1.799000000000000057e+02,3.631500152314636853e+00,8.882722854614257812e+00,3.631186485290527344e+00
4.160000000000000142e+01,4.584824263805143119e+01,1.799000000000000057e+02,1.265286678696743161e+00,6.852703094482421875e+00,4.219400882720947266e+00
4.150000000000000000e+01,4.449416200867707971e+01,1.799000000000000057e+02,2.488910440791992418e+00,7.290496826171875000e+00,4.116919040679931641e+00
7.000000000000000000e+01,1.968785828899903123e+01,9.790000000000000568e+01,1.020984795179162852e+01,1.568610191345214844e+01,1.306453466415405273e+01
7.000000000000000000e+01,2.103057132433024279e+01,9.900000000000000000e+01,1.220931758595220451e+01,1.696339607238769531e+01,1.368560791015625000e+01
7.000000000000000000e+01,2.293915820138816031e+01,1.179000000000000057e+02,1.359007701634304688e+01,1.920289993286132812e+01,1.393483638763427734e+01
7.000000000000000000e+01,2.294678566072077430e+01,1.179000000000000057e+02,1.291593429911532809e+01,2.036897659301757812e+01,1.440871953964233398e+01
7.000000000000000000e+01,2.220595805655363719e+01,1.179000000000000057e+02,1.140788400034611527e+01,1.832828521728515625e+01,1.444047451019287109e+01
7.000000000000000000e+01,2.170986859536829883e+01,1.005000000000000000e+02,1.187886669866189848e+01,1.595959663391113281e+01,1.514344692230224609e+01
7.000000000000000000e+01,2.395992818337150254e+01,1.180999999999999943e+02,1.313393727619633289e+01,1.509041786193847656e+01,1.575973987579345703e+01
7.000000000000000000e+01,2.358894302955690492e+01,1.180999999999999943e+02,1.177550965895630242e+01,1.736114501953125000e+01,1.571324348449707031e+01
6.540000000000000568e+01,2.541341480053027269e+01,1.189000000000000057e+02,1.281963811581484691e+01,1.743992805480957031e+01,1.547029018402099609e+01
6.470000000000000284e+01,2.660395345636512943e+01,1.190999999999999943e+02,1.271546930116558904e+01,1.677908897399902344e+01,1.547622442245483398e+01
6.300000000000000000e+01,2.810238619891358525e+01,1.195000000000000000e+02,1.428043858728193882e+01,1.689643859863281250e+01,1.566133975982666016e+01
6.440000000000000568e+01,2.731702358594803925e+01,1.190999999999999943e+02,1.387770829128406902e+01,1.593373298645019531e+01,1.513636112213134766e+01
6.260000000000000142e+01,2.978251161870487351e+01,1.197000000000000028e+02,1.543714671133098548e+01,1.651946067810058594e+01,1.531601428985595703e+01
6.300000000000000000e+01,2.918213112090048966e+01,1.195000000000000000e+02,1.577822301572836139e+01,1.578870773315429688e+01,1.599765777587890625e+01
6.260000000000000142e+01,3.186897991540134001e+01,1.200000000000000000e+02,1.585228810539319610e+01,1.839096069335937500e+01,1.511941194534301758e+01
6.260000000000000142e+01,3.233352769361631118e+01,1.199000000000000057e+02,1.584924401286091111e+01,1.693058967590332031e+01,1.469163894653320312e+01
6.329999999999999716e+01,2.980713735472856030e+01,1.194000000000000057e+02,1.694839813287614660e+01,1.837364196777343750e+01,1.477327823638916016e+01
6.300000000000000000e+01,2.777155869649579145e+01,1.190999999999999943e+02,1.739610218987026258e+01,1.700811386108398438e+01,1.463011264801025391e+01
6.440000000000000568e+01,2.826510880210372889e+01,1.190000000000000000e+02,1.649416133027568065e+01,1.949361801147460938e+01,1.483145713806152344e+01
6.300000000000000000e+01,3.099811891001095177e+01,1.195999999999999943e+02,1.671641866350699956e+01,1.842256546020507812e+01,1.517640113830566406e+01
6.490000000000000568e+01,3.035363466023392931e+01,1.192999999999999972e+02,1.569938803392638427e+01,2.025712966918945312e+01,1.436425685882568359e+01
6.329999999999999716e+01,3.168073037149160598e+01,1.197999999999999972e+02,1.517349363819086250e+01,2.278658866882324219e+01,1.385752916336059570e+01
6.540000000000000568e+01,2.940241390747288719e+01,1.190999999999999943e+02,1.523567121753796449e+01,2.457007408142089844e+01,1.422324657440185547e+01
6.470000000000000284e+01,3.076467172927907257e+01,1.194000000000000057e+02,1.585588635380237932e+01,2.277749061584472656e+01,1.518054008483886719e+01
6.329999999999999716e+01,3.151371060279581116e+01,1.197999999999999972e+02,1.620401932902387188e+01,1.983909606933593750e+01,1.610662460327148438e+01
6.229999999999999716e+01,3.252043459703357087e+01,1.199000000000000057e+02,1.734191713172867821e+01,2.128846168518066406e+01,1.514822721481323242e+01
6.260000000000000142e+01,3.149075955171538510e+01,1.195999999999999943e+02,1.818076196114568077e+01,2.297877311706542969e+01,1.418180704116821289e+01
6.420000000000000284e+01,3.057100744385229518e+01,1.192000000000000028e+02,1.711463431411993596e+01,2.323342323303222656e+01,1.391537189483642578e+01
6.420000000000000284e+01,3.094352885539061404e+01,1.192000000000000028e+02,1.718849596978471794e+01,2.248836517333984375e+01,1.464266777038574219e+01
7.000000000000000000e+01,2.960642885852841744e+01,1.185999999999999943e+02,1.707335086995736972e+01,2.176358222961425781e+01,1.469472885131835938e+01
7.000000000000000000e+01,2.823677266355538862e+01,1.179000000000000057e+02,1.615254619588847973e+01,2.398301124572753906e+01,1.370888710021972656e+01
7.000000000000000000e+01,3.031601072640060934e+01,1.185999999999999943e+02,1.688535124791734532e+01,2.361121177673339844e+01,1.399995326995849609e+01
7.000000000000000000e+01,3.144679712008967698e+01,1.187000000000000028e+02,1.607609035862966351e+01,2.287955284118652344e+01,1.442409753799438477e+01
7.000000000000000000e+01,3.013990942112335958e+01,1.184000000000000057e+02,1.534285457662818075e+01,2.175793647766113281e+01,1.421629190444946289e+01
7.000000000000000000e+01,2.993918433925006894e+01,1.179000000000000057e+02,1.429907724562300331e+01,2.128861427307128906e+01,1.359087467193603516e+01
7.000000000000000000e+01,2.977619910661584868e+01,1.180999999999999943e+02,1.348179969542253431e+01,2.292450904846191406e+01,1.354582071304321289e+01
7.000000000000000000e+01,3.077966068747134187e+01,1.184000000000000057e+02,1.241739280484388708e+01,2.440831184387207031e+01,1.284559488296508789e+01
7.000000000000000000e+01,3.004798921520813337e+01,1.184000000000000057e+02,1.266862822508681674e+01,2.467910766601562500e+01,1.280969142913818359e+01
7.000000000000000000e+01,3.039330894413703277e+01,1.182000000000000028e+02,1.453915895483647702e+01,2.746205329895019531e+01,1.169705390930175781e+01
7.000000000000000000e+01,3.040645222210727994e+01,1.185999999999999943e+02,1.261539974346867865e+01,2.479393959045410156e+01,1.231840133666992188e+01
7.000000000000000000e+01,3.335465838273514549e+01,1.192000000000000028e+02,1.282487842048821136e+01,2.661164283752441406e+01,1.139565944671630859e+01
7.000000000000000000e+01,3.212349004034739153e+01,1.187999999999999972e+02,1.270741035830739563e+01,2.713578224182128906e+01,1.073316097259521484e+01
7.000000000000000000e+01,3.345792900838456063e+01,1.192999999999999972e+02,1.155635242671556817e+01,2.785918235778808594e+01,1.060838222503662109e+01
7.000000000000000000e+01,3.433908339907424079e+01,1.194000000000000057e+02,1.069807405352666407e+01,3.040952682495117188e+01,1.007374286651611328e+01
7.000000000000000000e+01,3.503967431962838930e+01,1.195000000000000000e+02,9.746838185493025719e+00,2.986268997192382812e+01,9.804339408874511719e+00
7.000000000000000000e+01,3.700938396004244169e+01,1.197999999999999972e+02,9.686358516369292460e+00,3.119439125061035156e+01,9.928760528564453125e+00
7.000000000000000000e+01,3.656123065966091445e+01,1.197999999999999972e+02,1.052799324145078685e+01,3.133488655090332031e+01,9.127078056335449219e+00
7.000000000000000000e+01,3.903652257360025146e+01,1.202000000000000028e+02,1.032628388269591468e+01,3.175042152404785156e+01,9.282004833221435547e+00
6.420000000000000284e+01,4.039282499290047213e+01,1.207000000000000028e+02,1.135271740043026867e+01,3.263678550720214844e+01,9.136698246002197266e+00
6.329999999999999716e+01,4.173828394188609536e+01,1.209000000000000057e+02,1.081821990549200052e+01,3.446301460266113281e+01,8.822629451751708984e+00
7.000000000000000000e+01,3.909523692859772126e+01,1.202999999999999972e+02,9.607902700958057096e+00,3.603802680969238281e+01,7.992396354675292969e+00
4.229999999999999716e+01,4.445418591915309747e+01,1.799000000000000057e+02,5.991072480951125989e+00,2.528563499450683594e+01,5.403146743774414062e+00
4.229999999999999716e+01,4.548632874582585828e+01,1.799000000000000057e+02,4.989071185748523263e+00,2.269045829772949219e+01,5.682356357574462891e+00
4.229999999999999716e+01,4.354717776749225067e+01,1.799000000000000057e+02,6.108708471492477088e+00,2.486190795898437500e+01,5.751020908355712891e+00
4.260000000000000142e+01,4.788181808684679908e+01,1.799000000000000057e+02,4.388177378849286825e+00,2.431503295898437500e+01,5.613334178924560547e+00
4.260000000000000142e+01,4.779732193244502270e+01,1.799000000000000057e+02,4.063631092167899084e+00,2.716694831848144531e+01,5.280725955963134766e+00
4.260000000000000142e+01,4.969114031926048369e+01,1.799000000000000057e+02,1.936090943242237961e+00,2.885548591613769531e+01,5.090703964233398438e+00
4.229999999999999716e+01,4.632596699198075640e+01,1.799000000000000057e+02,3.296658415919014651e+00,3.016104698181152344e+01,4.337420463562011719e+00
4.239999999999999858e+01,4.800527577482604613e+01,1.799000000000000057e+02,2.989607805952130271e+00,3.227762222290039062e+01,4.630665779113769531e+00
4.229999999999999716e+01,4.845037227570599470e+01,1.799000000000000057e+02,2.379957846688530942e+00,2.970687866210937500e+01,5.124206542968750000e+00
4.239999999999999858e+01,4.738186752418447156e+01,1.799000000000000057e+02,2.536854086908808981e+00,2.939202308654785156e+01,4.564101696014404297e+00
4.200000000000000000e+01,4.447985648932636593e+01,1.799000000000000057e+02,3.174392097153387660e+00,2.682952880859375000e+01,4.598350524902343750e+00
4.229999999999999716e+01,4.541269808213105819e+01,1.799000000000000057e+02,3.573770919420279135e+00,2.845526695251464844e+01,4.264736175537109375e+00
4.220000000000000284e+01,4.492553047111637454e+01,1.799000000000000057e+02,4.596464611919606646e+00,2.883196830749511719e+01,4.782357215881347656e+00
4.210000000000000142e+01,4.512545357549529967e+01,1.799000000000000057e+02,4.146760826131764333e+00,2.915503501892089844e+01,5.404262542724609375e+00
4.229999999999999716e+01,4.713682916821383628e+01,1.799000000000000057e+02,2.895943903561159605e+00,2.966290473937988281e+01,5.702600479125976562e+00
4.229999999999999716e+01,4.729703738076143793e+01,1.799000000000000057e+02,3.466102963306691986e+00,2.956027030944824219e+01,6.116797924041748047e+00
4.260000000000000142e+01,4.886780432427929100e+01,1.799000000000000057e+02,3.055098592846796191e+00,2.701241493225097656e+01,6.256866455078125000e+00
4.260000000000000142e+01,5.047320368752139075e+01,1.799000000000000057e+02,1.922587297684746677e+00,2.769013404846191406e+01,6.792416572570800781e+00
4.260000000000000142e+01,4.915828772410846170e+01,1.799000000000000057e+02,3.340565399460339258e+00,2.556874275207519531e+01,7.311058044433593750e+00
4.229999999999999716e+01,4.656855917168081760e+01,1.799000000000000057e+02,4.636730489267658406e+00,2.470173835754394531e+01,8.152279853820800781e+00
4.260000000000000142e+01,4.515637525816052289e+01,1.799000000000000057e+02,6.867613425000983263e+00,2.248850822448730469e+01,8.463993072509765625e+00
4.229999999999999716e+01,4.269962938992154733e+01,1.799000000000000057e+02,7.265313242296328688e+00,1.965557098388671875e+01,8.265664577484130859e+00
4.220000000000000284e+01,4.320789547923317997e+01,1.799000000000000057e+02,7.273784209482397678e+00,1.879469871520996094e+01,8.984079360961914062e+00
4.250000000000000000e+01,4.471259920986831560e+01,1.799000000000000057e+02,7.321870381975431386e+00,2.069089889526367188e+01,8.378844261169433594e+00
4.260000000000000142e+01,4.835721682250986930e+01,1.799000000000000057e+02,5.530808005244486125e+00,2.153955459594726562e+01,7.909717559814453125e+00
4.260000000000000142e+01,4.632590253831037330e+01,1.799000000000000057e+02,6.771559737723276129e+00,2.063393592834472656e+01,8.684096336364746094e+00
4.250000000000000000e+01,4.742556281932881035e+01,1.799000000000000057e+02,5.826924340437768635e+00,1.857968330383300781e+01,8.317775726318359375e+00
4.229999999999999716e+01,4.590282578514310785e+01,1.799000000000000057e+02,5.773014829302178796e+00,2.033951759338378906e+01,8.168926239013671875e+00
4.229999999999999716e+01,4.525717620678381081e+01,1.799000000000000057e+02,6.065047757636757630e+00,2.211390495300292969e+01,8.324670791625976562e+00
4.220000000000000284e+01,4.578899873903733919e+01,1.799000000000000057e+02,5.971164379249959353e+00,2.062963485717773438e+01,7.907526493072509766e+00
4.200000000000000000e+01,4.374102632033288529e+01,1.799000000000000057e+02,5.885242407342796689e+00,1.876950263977050781e+01,7.716422080993652344e+00
4.200000000000000000e+01,4.426521713549625758e+01,1.799000000000000057e+02,5.644273643820580055e+00,1.814749717712402344e+01,7.193737030029296875e+00
4.189999999999999858e+01,4.224609128902315547e+01,1.799000000000000057e+02,6.560428361876007308e+00,1.770948410034179688e+01,8.000068664550781250e+00
4.200000000000000000e+01,4.405007173703385348e+01,1.799000000000000057e+02,5.204714906100659455e+00,1.805573463439941406e+01,7.684311866760253906e+00
4.200000000000000000e+01,4.324799755727939043e+01,1.799000000000000057e+02,5.881311219733003526e+00,1.666990280151367188e+01,7.426948547363281250e+00
4.179999999999999716e+01,4.323235646194156345e+01,1.799000000000000057e+02,6.083198391376104297e+00,1.785349845886230469e+01,7.472112178802490234e+00
4.179999999999999716e+01,4.044210156434060366e+01,1.799000000000000057e+02,8.158119513003365242e+00,1.675354957580566406e+01,7.353813648223876953e+00
4.170000000000000284e+01,4.202019070232484665e+01,1.799000000000000057e+02,7.009394250050502428e+00,1.492733955383300781e+01,7.592170238494873047e+00
4.160000000000000142e+01,4.212548605557654469e+01,1.799000000000000057e+02,5.894465699071210985e+00,1.521157264709472656e+01,8.270635604858398438e+00
4.179999999999999716e+01,4.427281727562034064e+01,1.799000000000000057e+02,4.720335393092907950e+00,1.697736740112304688e+01,7.384068965911865234e+00
4.160000000000000142e+01,4.467350479190664458e+01,1.799000000000000057e+02,3.182780634573099121e+00,1.884488105773925781e+01,7.013149261474609375e+00
4.179999999999999716e+01,4.499431950126799507e+01,1.799000000000000057e+02,3.704485004066115472e+00,2.014315605163574219e+01,6.443572044372558594e+00
4.200000000000000000e+01,4.557459957498033987e+01,1.799000000000000057e+02,4.693976845407600074e+00,1.853052139282226562e+01,6.084022521972656250e+00
4.220000000000000284e+01,4.721184598304103019e+01,1.799000000000000057e+02,3.789638403723345927e+00,1.726460456848144531e+01,6.463141441345214844e+00
4.220000000000000284e+01,4.825718173837771729e+01,1.799000000000000057e+02,2.677015527842634413e+00,1.915383338928222656e+01,6.693806648254394531e+00
4.220000000000000284e+01,4.784200397377912850e+01,1.799000000000000057e+02,3.011550779690767676e+00,2.115350723266601562e+01,6.069953441619873047e+00
4.229999999999999716e+01,4.921058362772927808e+01,1.799000000000000057e+02,3.346116749246505595e+00,2.025467872619628906e+01,5.816302299499511719e+00
4.229999999999999716e+01,4.754421297120000389e+01,1.799000000000000057e+02,4.335885408268628893e+00,1.926619529724121094e+01,5.621728897094726562e+00
4.229999999999999716e+01,4.632862889170414888e+01,1.799000000000000057e+02,5.337890458942301741e+00,2.023331642150878906e+01,5.577294826507568359e+00
4.260000000000000142e+01,4.943430995226505331e+01,1.799000000000000057e+02,4.309209559242190402e+00,2.199872970581054688e+01,4.735054969787597656e+00
4.320000000000000284e+01,5.229951496905972164e+01,1.799000000000000057e+02,3.186300870345739611e+00,2.422716140747070312e+01,4.260272979736328125e+00
5.789999999999999858e+01,4.890166982213795421e+01,1.234000000000000057e+02,9.943627771843802421e+00,7.402830123901367188e+00,1.585110664367675781e+01
5.789999999999999858e+01,4.916452618772589744e+01,1.234000000000000057e+02,9.722055903302303292e+00,6.551351547241210938e+00,1.667835235595703125e+01
5.789999999999999858e+01,5.021061839692106332e+01,1.234000000000000057e+02,9.626334405797971172e+00,6.665439605712890625e+00,1.696902751922607422e+01
5.789999999999999858e+01,5.126759415891364569e+01,1.235999999999999943e+02,8.913750953111525988e+00,4.962530136108398438e+00,1.792529702186584473e+01
4.200000000000000000e+01,1.931630129852164401e+01,1.799000000000000057e+02,1.394183252932954176e+01,1.118789672851562500e+01,1.640590190887451172e+01
4.189999999999999858e+01,1.854377778019845024e+01,1.799000000000000057e+02,1.243011639832102233e+01,1.179856300354003906e+01,1.578104019165039062e+01
4.150000000000000000e+01,1.955634719883270733e+01,1.799000000000000057e+02,1.003587533938661913e+01,1.187880516052246094e+01,1.598599910736083984e+01
4.170000000000000284e+01,1.865938321332011540e+01,1.799000000000000057e+02,1.098986821903648448e+01,1.103951454162597656e+01,1.577740192413330078e+01
4.139999999999999858e+01,2.002757170449926960e+01,1.799000000000000057e+02,1.023876598442213393e+01,1.080637931823730469e+01,1.641297817230224609e+01
4.139999999999999858e+01,2.198908718380520355e+01,1.799000000000000057e+02,9.087350939376161563e+00,9.244432449340820312e+00,1.583276510238647461e+01
4.120000000000000284e+01,2.323664760917824168e+01,1.799000000000000057e+02,7.312039340965164946e+00,9.086341857910156250e+00,1.595562934875488281e+01
4.139999999999999858e+01,2.865092502209206415e+01,1.799000000000000057e+02,5.595768475124006436e+00,7.654361724853515625e+00,1.665256261825561523e+01
4.120000000000000284e+01,2.695999283717348405e+01,1.799000000000000057e+02,4.891830331593312486e+00,5.804643630981445312e+00,1.702772855758666992e+01
4.120000000000000284e+01,2.637834586361123357e+01,1.799000000000000057e+02,6.426225565296635800e+00,4.651107788085937500e+00,1.663584828376770020e+01
4.120000000000000284e+01,2.565110514866158908e+01,1.799000000000000057e+02,6.934287117105535359e+00,4.210424423217773438e+00,1.694795846939086914e+01
4.120000000000000284e+01,2.690242639551092552e+01,1.799000000000000057e+02,5.417238194238138682e+00,5.758676528930664062e+00,1.634392738342285156e+01
4.120000000000000284e+01,2.753638416023985513e+01,1.799000000000000057e+02,6.220372274438829230e+00,8.445425033569335938e+00,1.588456869125366211e+01
4.139999999999999858e+01,2.772997978038596756e+01,1.799000000000000057e+02,7.993435688688056651e+00,7.783155441284179688e+00,1.546947002410888672e+01
4.150000000000000000e+01,2.921598842451639655e+01,1.799000000000000057e+02,6.724305508435499235e+00,6.646060943603515625e+00,1.628916740417480469e+01
4.120000000000000284e+01,2.671515174740944687e+01,1.799000000000000057e+02,6.082263704478973132e+00,5.851297378540039062e+00,1.663614630699157715e+01
4.139999999999999858e+01,2.859896017858048367e+01,1.799000000000000057e+02,5.576962025660535893e+00,8.152475357055664062e+00,1.660479545593261719e+01
4.139999999999999858e+01,3.041553976573185736e+01,1.799000000000000057e+02,4.885901847792468722e+00,6.678094863891601562e+00,1.741335153579711914e+01
4.120000000000000284e+01,2.841014164924181529e+01,1.799000000000000057e+02,4.703882800347550130e+00,7.750072479248046875e+00,1.708903908729553223e+01
4.120000000000000284e+01,2.728188851773659351e+01,1.799000000000000057e+02,5.472834649165696064e+00,5.076131820678710938e+00,1.771813511848449707e+01
4.120000000000000284e+01,2.915697730743052318e+01,1.799000000000000057e+02,3.636945583086304445e+00,6.257343292236328125e+00,1.699667930603027344e+01
4.120000000000000284e+01,2.876380873945243977e+01,1.799000000000000057e+02,4.267270736826894506e+00,7.694702148437500000e+00,1.645340442657470703e+01
4.100000000000000000e+01,2.666100707781505719e+01,1.799000000000000057e+02,4.532489810913626016e+00,8.646364212036132812e+00,1.695037841796875000e+01
4.079999999999999716e+01,2.641050327901899308e+01,1.799000000000000057e+02,3.079986512866744075e+00,8.397874832153320312e+00,1.772234201431274414e+01
4.100000000000000000e+01,2.156126818405543233e+01,1.799000000000000057e+02,4.564968186067856593e+00,8.478012084960937500e+00,1.736989974975585938e+01
4.100000000000000000e+01,2.223881891660774457e+01,1.799000000000000057e+02,4.522306353025273395e+00,6.203775405883789062e+00,1.839484214782714844e+01
4.100000000000000000e+01,2.021710707663945428e+01,1.799000000000000057e+02,4.945681632880092771e+00,3.525419235229492188e+00,1.948895454406738281e+01
4.100000000000000000e+01,2.103575436406685739e+01,1.799000000000000057e+02,5.847596138791001152e+00,3.844633102416992188e+00,1.987308263778686523e+01
4.100000000000000000e+01,2.080963201846103416e+01,1.799000000000000057e+02,7.003951969835419789e+00,2.710027694702148438e+00,2.043798208236694336e+01
5.679999999999999716e+01,1.204675728786090971e+01,1.195000000000000000e+02,1.377082004950496597e+01,6.730260848999023438e+00,1.233464241027832031e+01
5.679999999999999716e+01,1.478742276251789178e+01,1.200000000000000000e+02,1.392031744485352363e+01,5.355014801025390625e+00,1.234315872192382812e+01
5.629999999999999716e+01,1.501049327106627729e+01,1.202999999999999972e+02,1.337304653561071710e+01,4.752864837646484375e+00,1.228550434112548828e+01
5.670000000000000284e+01,1.551959493116403088e+01,1.202000000000000028e+02,1.309850229630096230e+01,6.013193130493164062e+00,1.200112819671630859e+01
5.660000000000000142e+01,1.758450316132598701e+01,1.205000000000000000e+02,1.228316812031368066e+01,8.490467071533203125e+00,1.163333654403686523e+01
5.689999999999999858e+01,1.698426433482625342e+01,1.202999999999999972e+02,1.205555916537744743e+01,7.395391464233398438e+00,1.243826389312744141e+01
5.739999999999999858e+01,1.694030276531755064e+01,1.202000000000000028e+02,1.121713730519348751e+01,8.487958908081054688e+00,1.227657794952392578e+01
5.750000000000000000e+01,1.857130415930799217e+01,1.202999999999999972e+02,1.181619582491600262e+01,7.077932357788085938e+00,1.255178451538085938e+01
5.760000000000000142e+01,1.638003734304510317e+01,1.199000000000000057e+02,1.247180088148768284e+01,7.271938323974609375e+00,1.247016191482543945e+01
5.750000000000000000e+01,1.628139911183589916e+01,1.199000000000000057e+02,1.336183433886544947e+01,5.193347930908203125e+00,1.307183742523193359e+01
5.860000000000000142e+01,1.423487590640218059e+01,1.192999999999999972e+02,1.211095732455953922e+01,5.133018493652343750e+00,1.325147628784179688e+01
5.829999999999999716e+01,1.647159465768482889e+01,1.197000000000000028e+02,1.163587138532976439e+01,4.299840927124023438e+00,1.302398681640625000e+01
5.810000000000000142e+01,1.479447380947227764e+01,1.195000000000000000e+02,1.140498211767456915e+01,4.527645111083984375e+00,1.230997562408447266e+01
5.739999999999999858e+01,1.493620836214363656e+01,1.199000000000000057e+02,1.182164538091076977e+01,6.192674636840820312e+00,1.246561527252197266e+01
5.710000000000000142e+01,1.782783018717958612e+01,1.202999999999999972e+02,1.253755983236563942e+01,5.350828170776367188e+00,1.322113513946533203e+01
5.710000000000000142e+01,1.492321069695466917e+01,1.199000000000000057e+02,1.317608873449164975e+01,4.474897384643554688e+00,1.402515649795532227e+01
5.689999999999999858e+01,1.396849601590045076e+01,1.199000000000000057e+02,1.256077339883772304e+01,6.551971435546875000e+00,1.373079299926757812e+01
5.700000000000000000e+01,1.256724667861180222e+01,1.197000000000000028e+02,1.213010478029308459e+01,8.709468841552734375e+00,1.280628442764282227e+01
5.670000000000000284e+01,1.265089274306256684e+01,1.197999999999999972e+02,1.305642172680188651e+01,1.117716789245605469e+01,1.254442453384399414e+01
5.620000000000000284e+01,1.227282664206331653e+01,1.199000000000000057e+02,1.412142711391231309e+01,1.330416679382324219e+01,1.207364559173583984e+01
5.570000000000000284e+01,1.415497351445920593e+01,1.204000000000000057e+02,1.542513455516843024e+01,1.143437385559082031e+01,1.218749523162841797e+01
5.529999999999999716e+01,1.249099596843846172e+01,1.202000000000000028e+02,1.647310873810367227e+01,1.082203865051269531e+01,1.227179527282714844e+01
5.479999999999999716e+01,1.221592211034607445e+01,1.202999999999999972e+02,1.707107188592807034e+01,1.345802307128906250e+01,1.218875408172607422e+01
5.479999999999999716e+01,1.071682743201657395e+01,1.202000000000000028e+02,1.673509919182444605e+01,1.253835678100585938e+01,1.242257118225097656e+01
5.439999999999999858e+01,1.237411525105795818e+01,1.205999999999999943e+02,1.637760069100352212e+01,1.166540145874023438e+01,1.170531749725341797e+01
5.479999999999999716e+01,1.108510992964663799e+01,1.202000000000000028e+02,1.691485421707872661e+01,1.067609786987304688e+01,1.255843639373779297e+01
5.570000000000000284e+01,1.149090528849503912e+01,1.199000000000000057e+02,1.630237325375719237e+01,8.672170639038085938e+00,1.258322954177856445e+01
5.529999999999999716e+01,1.300014505146284449e+01,1.202999999999999972e+02,1.625463759760240023e+01,6.740608215332031250e+00,1.354425191879272461e+01
5.479999999999999716e+01,1.351568810085376526e+01,1.205999999999999943e+02,1.681587698382017848e+01,4.900703430175781250e+00,1.401221752166748047e+01
5.539999999999999858e+01,1.303789473452012082e+01,1.202999999999999972e+02,1.585256287031456779e+01,4.129667282104492188e+00,1.468815326690673828e+01
5.529999999999999716e+01,1.285462877935763615e+01,1.204000000000000057e+02,1.409941859870843750e+01,6.273469924926757812e+00,1.387608528137207031e+01
5.500000000000000000e+01,1.344340540068506229e+01,1.205999999999999943e+02,1.398599692379999837e+01,8.866548538208007812e+00,1.311303615570068359e+01
5.479999999999999716e+01,1.588705260647363815e+01,1.210000000000000000e+02,1.411173428425673571e+01,7.034368515014648438e+00,1.298480987548828125e+01
5.570000000000000284e+01,1.477595780454174879e+01,1.205000000000000000e+02,1.363290741289965879e+01,4.945840835571289062e+00,1.347201824188232422e+01
5.560000000000000142e+01,1.693101153962564354e+01,1.207999999999999972e+02,1.333282143501500805e+01,7.401399612426757812e+00,1.293919324874877930e+01
5.500000000000000000e+01,1.652261675561463505e+01,1.210000000000000000e+02,1.460574386952675319e+01,9.702844619750976562e+00,1.230529308319091797e+01
5.579999999999999716e+01,1.439039984836683495e+01,1.204000000000000057e+02,1.335030744147231374e+01,9.149637222290039062e+00,1.186196327209472656e+01
5.579999999999999716e+01,1.522489060333244559e+01,1.205000000000000000e+02,1.400401398819760601e+01,8.268899917602539062e+00,1.262320041656494141e+01
5.579999999999999716e+01,1.495088726938572599e+01,1.204000000000000057e+02,1.414676009549417657e+01,9.364566802978515625e+00,1.246126651763916016e+01
5.539999999999999858e+01,1.532063684777243928e+01,1.205999999999999943e+02,1.477509149020577084e+01,9.808588027954101562e+00,1.256659984588623047e+01
5.529999999999999716e+01,1.674009171918002536e+01,1.209000000000000057e+02,1.388150660252830804e+01,1.210769653320312500e+01,1.260312557220458984e+01
5.510000000000000142e+01,1.784114494394584227e+01,1.210999999999999943e+02,1.489911246312013837e+01,1.357487678527832031e+01,1.204276084899902344e+01
5.550000000000000000e+01,1.840519498966202860e+01,1.210999999999999943e+02,1.374976645664715846e+01,1.144999504089355469e+01,1.299883365631103516e+01
5.629999999999999716e+01,1.805651485250573174e+01,1.207000000000000028e+02,1.282440832679617415e+01,1.331695556640625000e+01,1.342052936553955078e+01
5.610000000000000142e+01,1.760183777246584569e+01,1.207000000000000028e+02,1.271333856008613772e+01,1.274396896362304688e+01,1.298687934875488281e+01
5.639999999999999858e+01,1.559313698744855969e+01,1.202999999999999972e+02,1.268257020709707206e+01,1.238756179809570312e+01,1.379621982574462891e+01
5.650000000000000000e+01,1.375447646740252772e+01,1.200000000000000000e+02,1.320457008393449527e+01,1.320277214050292969e+01,1.294787406921386719e+01
5.629999999999999716e+01,1.356105357991481064e+01,1.200000000000000000e+02,1.305052491966704054e+01,1.199507713317871094e+01,1.339823722839355469e+01
5.620000000000000284e+01,1.386760060174088593e+01,1.200999999999999943e+02,1.391450544400333378e+01,1.222882270812988281e+01,1.406724929809570312e+01
5.629999999999999716e+01,1.487942517694745703e+01,1.202000000000000028e+02,1.339578844437151872e+01,1.388102531433105469e+01,1.313759803771972656e+01
5.650000000000000000e+01,1.448704417024211821e+01,1.200999999999999943e+02,1.316455192384105999e+01,1.370670318603515625e+01,1.277513265609741211e+01
6.659999999999999432e+01,2.609086360200026178e+01,9.720000000000000284e+01,1.908610717342149243e+01,1.665139198303222656e+01,1.286718845367431641e+01
7.000000000000000000e+01,2.396996065606099080e+01,9.600000000000000000e+01,1.643034004935388026e+01,1.790517807006835938e+01,1.297028541564941406e+01
7.000000000000000000e+01,2.507077290264128067e+01,9.690000000000000568e+01,1.785663750198907707e+01,1.750020027160644531e+01,1.293660402297973633e+01
7.000000000000000000e+01,2.480535535969815442e+01,9.659999999999999432e+01,1.799690835195731253e+01,1.563708305358886719e+01,1.294892787933349609e+01
7.000000000000000000e+01,2.454102844441744935e+01,9.570000000000000284e+01,1.779844349894103317e+01,1.665270805358886719e+01,1.324535608291625977e+01
7.000000000000000000e+01,2.380516639170271986e+01,9.509999999999999432e+01,1.696733185479239836e+01,1.923524856567382812e+01,1.300579547882080078e+01
7.000000000000000000e+01,2.210403377844732731e+01,9.409999999999999432e+01,1.508652656840911277e+01,1.632946968078613281e+01,1.378009080886840820e+01
7.000000000000000000e+01,2.137820704319573295e+01,9.379999999999999716e+01,1.346496775895083253e+01,1.526974678039550781e+01,1.334851741790771484e+01
7.000000000000000000e+01,2.181082948378483621e+01,9.409999999999999432e+01,1.311981884258147346e+01,1.480524063110351562e+01,1.377523660659790039e+01
7.000000000000000000e+01,2.305253186692922185e+01,9.429999999999999716e+01,1.425562616004863870e+01,1.239795684814453125e+01,1.345193386077880859e+01
7.000000000000000000e+01,2.168005923180218986e+01,9.409999999999999432e+01,1.252779873190502968e+01,1.088404655456542969e+01,1.421455383300781250e+01
7.000000000000000000e+01,2.110302957688789860e+01,9.350000000000000000e+01,1.247657418724642042e+01,1.131436347961425781e+01,1.457863330841064453e+01
7.000000000000000000e+01,2.055857670615643684e+01,9.359999999999999432e+01,1.193743875067482563e+01,1.030129432678222656e+01,1.400402307510375977e+01
7.000000000000000000e+01,1.971177430307634282e+01,9.340000000000000568e+01,1.176540296151039122e+01,1.083611488342285156e+01,1.345977306365966797e+01
7.000000000000000000e+01,1.639454423420240659e+01,9.170000000000000284e+01,9.156009901733824563e+00,9.068260192871093750e+00,1.374681949615478516e+01
7.000000000000000000e+01,1.443532521704205607e+01,9.070000000000000284e+01,7.270483641613022741e+00,6.245527267456054688e+00,1.367126941680908203e+01
7.000000000000000000e+01,1.522094819049582881e+01,9.100000000000000000e+01,8.868258893442927615e+00,4.160614013671875000e+00,1.430599689483642578e+01
7.000000000000000000e+01,1.539094679269280874e+01,9.040000000000000568e+01,9.791040998469021872e+00,2.801771163940429688e+00,1.413300991058349609e+01
5.610000000000000142e+01,3.319447435497341559e+01,1.799000000000000057e+02,2.600248663144441963e+01,6.930675506591796875e+00,1.108735084533691406e+01
5.610000000000000142e+01,3.446751050887237255e+01,1.799000000000000057e+02,2.512419390840776146e+01,8.542795181274414062e+00,1.068802356719970703e+01
5.620000000000000284e+01,3.644549498694607337e+01,1.799000000000000057e+02,2.400482992836283103e+01,6.548700332641601562e+00,1.116494655609130859e+01
5.579999999999999716e+01,3.538224229442458579e+01,1.799000000000000057e+02,2.335361834280124071e+01,4.758625030517578125e+00,1.141577482223510742e+01
5.579999999999999716e+01,3.372922994055456059e+01,1.799000000000000057e+02,2.463341827889189517e+01,2.406044006347656250e+00,1.140449285507202148e+01
6.150000000000000000e+01,3.963174909300462190e+01,1.212000000000000028e+02,9.239294066648414017e+00,2.123012542724609375e+01,7.831439971923828125e+00
6.229999999999999716e+01,3.727645192687935349e+01,1.209000000000000057e+02,9.544306093323058349e+00,1.886919021606445312e+01,8.525357246398925781e+00
6.110000000000000142e+01,3.846068175992868277e+01,1.212999999999999972e+02,9.967546746250503631e+00,1.754052162170410156e+01,9.137806892395019531e+00
6.089999999999999858e+01,3.776013936376487834e+01,1.212000000000000028e+02,1.154829717221903707e+01,1.503476142883300781e+01,9.422760009765625000e+00
6.150000000000000000e+01,3.822279610836265817e+01,1.210000000000000000e+02,1.133598435218502587e+01,1.503653526306152344e+01,9.586324691772460938e+00
6.150000000000000000e+01,3.980811475993107962e+01,1.212999999999999972e+02,1.025078150830572099e+01,1.547171592712402344e+01,1.026557207107543945e+01
6.260000000000000142e+01,3.866387100733457771e+01,1.209000000000000057e+02,9.253051573384704298e+00,1.587291717529296875e+01,1.074085712432861328e+01
6.300000000000000000e+01,3.851928940436113180e+01,1.207000000000000028e+02,8.189553233147243816e+00,1.713869094848632812e+01,1.112822294235229492e+01
6.389999999999999858e+01,3.740440432434758833e+01,1.205000000000000000e+02,7.999752085498919030e+00,1.648893356323242188e+01,1.154169082641601562e+01
6.329999999999999716e+01,3.728857970907260722e+01,1.205999999999999943e+02,9.136836911990558363e+00,1.853116035461425781e+01,1.190989971160888672e+01
6.270000000000000284e+01,3.741508977469170105e+01,1.207000000000000028e+02,8.799191261045784529e+00,1.659789085388183594e+01,1.197683095932006836e+01
6.150000000000000000e+01,3.932778549331094098e+01,1.210000000000000000e+02,1.027915025313055963e+01,1.831439018249511719e+01,1.245242595672607422e+01
6.260000000000000142e+01,3.829104655222658948e+01,1.207999999999999972e+02,9.364131770707398772e+00,1.758003234863281250e+01,1.302887916564941406e+01
6.329999999999999716e+01,3.865467667583765632e+01,1.207000000000000028e+02,8.994230107487874548e+00,1.730819702148437500e+01,1.222501754760742188e+01
6.329999999999999716e+01,3.821045220273799004e+01,1.205999999999999943e+02,9.177213531584861528e+00,1.780501365661621094e+01,1.193848133087158203e+01
6.329999999999999716e+01,3.639103671240059867e+01,1.205000000000000000e+02,9.777794245809785068e+00,1.588976860046386719e+01,1.271000385284423828e+01
6.329999999999999716e+01,3.619152932684784929e+01,1.205999999999999943e+02,1.034976992755429848e+01,1.494073867797851562e+01,1.308383464813232422e+01
6.160000000000000142e+01,3.890723634659349273e+01,1.210000000000000000e+02,1.030994257611028786e+01,1.394928932189941406e+01,1.361317634582519531e+01
6.260000000000000142e+01,3.749607338295594872e+01,1.207999999999999972e+02,1.008124051263926191e+01,1.578974723815917969e+01,1.389817476272583008e+01
6.260000000000000142e+01,3.750472741902357399e+01,1.207999999999999972e+02,1.084437520897365737e+01,1.503162384033203125e+01,1.439400672912597656e+01
6.229999999999999716e+01,3.623198828819256789e+01,1.207999999999999972e+02,1.161264754645609187e+01,1.623587608337402344e+01,1.436197280883789062e+01
6.110000000000000142e+01,3.740343933128302467e+01,1.210999999999999943e+02,1.217169810189063739e+01,1.658826828002929688e+01,1.487357139587402344e+01
6.229999999999999716e+01,3.633294783722293886e+01,1.207000000000000028e+02,1.222365703423218442e+01,1.428734779357910156e+01,1.555123805999755859e+01
6.229999999999999716e+01,3.720311340493003627e+01,1.207999999999999972e+02,1.111571812999701869e+01,1.260870933532714844e+01,1.620434522628784180e+01
6.089999999999999858e+01,3.886031786407133382e+01,1.212999999999999972e+02,1.225945559362153325e+01,1.276538848876953125e+01,1.659528017044067383e+01
6.020000000000000284e+01,4.024779686863014661e+01,1.215000000000000000e+02,1.119953480690930903e+01,1.157635688781738281e+01,1.672282218933105469e+01
5.989999999999999858e+01,4.002668652218134326e+01,1.217999999999999972e+02,1.040987332467125270e+01,1.008341789245605469e+01,1.759399890899658203e+01
6.050000000000000000e+01,3.957047397513996856e+01,1.215999999999999943e+02,9.759201869120294859e+00,1.157160758972167969e+01,1.781330227851867676e+01
5.989999999999999858e+01,4.088805086418408052e+01,1.217999999999999972e+02,9.990571778956713445e+00,1.357850074768066406e+01,1.696686029434204102e+01
6.010000000000000142e+01,4.069900330529759458e+01,1.217999999999999972e+02,9.310650838391914874e+00,1.096746444702148438e+01,1.734845161437988281e+01
5.970000000000000284e+01,4.030658219148990185e+01,1.217999999999999972e+02,1.035386717516866284e+01,1.025221824645996094e+01,1.697413563728332520e+01
5.970000000000000284e+01,3.993716184712684480e+01,1.217999999999999972e+02,1.206332540319719193e+01,1.261258125305175781e+01,1.597795963287353516e+01
5.989999999999999858e+01,3.891111032001391123e+01,1.215999999999999943e+02,1.305082951343104014e+01,1.324398994445800781e+01,1.621410846710205078e+01
6.029999999999999716e+01,3.889876374407358384e+01,1.215000000000000000e+02,1.305549783507366612e+01,1.076581001281738281e+01,1.585563421249389648e+01
6.029999999999999716e+01,3.779256986756591630e+01,1.212999999999999972e+02,1.441010449463823129e+01,1.267445564270019531e+01,1.494223117828369141e+01
5.939999999999999858e+01,3.860624209615536273e+01,1.217999999999999972e+02,1.528167485471523257e+01,1.236478805541992188e+01,1.421644687652587891e+01
6.010000000000000142e+01,3.726527798766241517e+01,1.212999999999999972e+02,1.450630753003837015e+01,1.145418167114257812e+01,1.477161645889282227e+01
5.950000000000000000e+01,3.820844845959175018e+01,1.215000000000000000e+02,1.472959118974512549e+01,1.332905769348144531e+01,1.404728889465332031e+01
5.950000000000000000e+01,4.029309608988887703e+01,1.217999999999999972e+02,1.449985530995691896e+01,1.279457092285156250e+01,1.333401679992675781e+01
5.970000000000000284e+01,3.978781309192595472e+01,1.215999999999999943e+02,1.417307879615357535e+01,1.366381645202636719e+01,1.291927814483642578e+01
5.989999999999999858e+01,3.991569734979763950e+01,1.215999999999999943e+02,1.540575720156822470e+01,1.520133972167968750e+01,1.342294454574584961e+01
5.900000000000000000e+01,4.107303257092872428e+01,1.220999999999999943e+02,1.530415242190269609e+01,1.758567810058593750e+01,1.327125072479248047e+01
5.889999999999999858e+01,4.130202679226260898e+01,1.220999999999999943e+02,1.596184336315026364e+01,1.767050743103027344e+01,1.383686542510986328e+01
5.879999999999999716e+01,4.226152322310098697e+01,1.224000000000000057e+02,1.488611618817778925e+01,1.720005035400390625e+01,1.439936161041259766e+01
5.900000000000000000e+01,4.039913363141423730e+01,1.220999999999999943e+02,1.534590635701354699e+01,1.872724533081054688e+01,1.477075099945068359e+01
5.860000000000000142e+01,4.083861686202340024e+01,1.224000000000000057e+02,1.643988187569507886e+01,2.026660919189453125e+01,1.506800174713134766e+01
5.900000000000000000e+01,4.068334156681358849e+01,1.220999999999999943e+02,1.539229191596158941e+01,1.995740890502929688e+01,1.522686004638671875e+01
5.860000000000000142e+01,4.238956452853695822e+01,1.225000000000000000e+02,1.519170141411787078e+01,2.207936286926269531e+01,1.456008911132812500e+01
5.829999999999999716e+01,4.505113759453401912e+01,1.227999999999999972e+02,1.496515054041157455e+01,2.320106506347656250e+01,1.407982826232910156e+01
5.829999999999999716e+01,4.766918124812459467e+01,1.227999999999999972e+02,1.387271632845694214e+01,2.377661705017089844e+01,1.356855869293212891e+01
5.829999999999999716e+01,4.707038798946074110e+01,1.227999999999999972e+02,1.325243801000333121e+01,2.544512748718261719e+01,1.407594203948974609e+01
5.760000000000000142e+01,4.609648521179531144e+01,1.234000000000000057e+02,1.549866724060896539e+00,3.899488449096679688e+00,1.545602321624755859e+01
5.829999999999999716e+01,4.464231015985691897e+01,1.227999999999999972e+02,1.069550497631462038e+00,2.610378265380859375e+00,1.510167360305786133e+01
4.100000000000000000e+01,3.926315747822681335e+00,1.799000000000000057e+02,8.315079711421129005e+00,4.053183555603027344e+01,1.879363775253295898e+01
4.120000000000000284e+01,5.583080692135210299e+00,1.799000000000000057e+02,8.325627924752422970e+00,3.912066459655761719e+01,1.886504173278808594e+01
4.120000000000000284e+01,4.499965079900889009e+00,1.799000000000000057e+02,7.619587382266955977e+00,4.073615074157714844e+01,1.865754604339599609e+01
4.120000000000000284e+01,7.803849351253537847e+00,1.799000000000000057e+02,7.465184735000784499e+00,3.850070953369140625e+01,1.910575985908508301e+01
4.100000000000000000e+01,7.392144546738236066e+00,1.799000000000000057e+02,7.337324360143337110e+00,3.897382736206054688e+01,1.896156549453735352e+01
4.100000000000000000e+01,7.388473597426657768e+00,1.799000000000000057e+02,6.162337962722517659e+00,4.138906478881835938e+01,1.815454840660095215e+01
4.400000000000000000e+01,2.294652163407675260e+01,1.222000000000000028e+02,8.417893592100742950e+00,5.560951232910156250e+00,1.497799873352050781e+01
4.410000000000000142e+01,2.357380205199746115e+01,1.222000000000000028e+02,8.323121922607846557e+00,6.382369995117187500e+00,1.448801517486572266e+01
4.370000000000000284e+01,2.203320574819053235e+01,1.222000000000000028e+02,1.010177829691302875e+01,7.341566085815429688e+00,1.496260166168212891e+01
4.429999999999999716e+01,2.413467576864466579e+01,1.225000000000000000e+02,8.668672229639932780e+00,4.806480407714843750e+00,1.512015819549560547e+01
4.410000000000000142e+01,2.438997317107595819e+01,1.225000000000000000e+02,1.017835597271513670e+01,5.981006622314453125e+00,1.447573661804199219e+01
5.410000000000000142e+01,2.494823559579702277e+01,1.224000000000000057e+02,1.004861697910842366e+01,7.652940750122070312e+00,1.429910659790039062e+01
4.420000000000000284e+01,2.632806060448586294e+01,1.227999999999999972e+02,9.373578441632499647e+00,7.530755996704101562e+00,1.458189010620117188e+01
4.360000000000000142e+01,2.651280825296453614e+01,1.230999999999999943e+02,1.011080773031682867e+01,6.649923324584960938e+00,1.496111154556274414e+01
4.360000000000000142e+01,2.418718801229796966e+01,1.227999999999999972e+02,1.031206750737313271e+01,8.225812911987304688e+00,1.415318965911865234e+01
4.320000000000000284e+01,2.590021179315174749e+01,1.234000000000000057e+02,9.729473313809455348e+00,1.037448883056640625e+01,1.429170608520507812e+01
4.279999999999999716e+01,2.637782433213931910e+01,1.234000000000000057e+02,8.601199681555257825e+00,9.936590194702148438e+00,1.475278854370117188e+01
4.260000000000000142e+01,2.829615536166005541e+01,1.235999999999999943e+02,8.022735926811227714e+00,1.211402893066406250e+01,1.416563034057617188e+01
4.260000000000000142e+01,2.940218077325626211e+01,1.761999999999999886e+02,7.461808632721337986e+00,1.358499526977539062e+01,1.375599384307861328e+01
4.229999999999999716e+01,3.088225777083394874e+01,1.765999999999999943e+02,5.838671555673077052e+00,1.624516487121582031e+01,1.321952581405639648e+01
4.220000000000000284e+01,2.865632751230535646e+01,1.779000000000000057e+02,6.731015192756860444e+00,1.481101036071777344e+01,1.358224153518676758e+01
4.229999999999999716e+01,2.933670189179030885e+01,1.770999999999999943e+02,7.411335765280108845e+00,1.666640281677246094e+01,1.382576942443847656e+01
4.260000000000000142e+01,2.875433739995620996e+01,1.765999999999999943e+02,7.911112459618731663e+00,1.703211784362792969e+01,1.394081592559814453e+01
4.229999999999999716e+01,2.572177426989279070e+01,1.775999999999999943e+02,9.419978510418815176e+00,1.826369285583496094e+01,1.314874649047851562e+01
4.220000000000000284e+01,2.646287172071366456e+01,1.779000000000000057e+02,8.979865075391600726e+00,1.984301567077636719e+01,1.266965389251708984e+01
4.229999999999999716e+01,2.805261940547487853e+01,1.786999999999999886e+02,8.256707822369200755e+00,2.140361785888671875e+01,1.297690629959106445e+01
4.229999999999999716e+01,2.884608944424744692e+01,1.781999999999999886e+02,8.462848101179194060e+00,1.911108970642089844e+01,1.315772533416748047e+01
4.260000000000000142e+01,3.110626242545865594e+01,1.775999999999999943e+02,7.748368080023730897e+00,1.804265975952148438e+01,1.268747806549072266e+01
4.260000000000000142e+01,2.976238956129837021e+01,1.766999999999999886e+02,8.502106849747047335e+00,1.789992332458496094e+01,1.236848592758178711e+01
4.260000000000000142e+01,2.949209128244454448e+01,1.771999999999999886e+02,8.741652106955728030e+00,1.860690116882324219e+01,1.291198730468750000e+01
4.279999999999999716e+01,3.212779578622491528e+01,1.764000000000000057e+02,7.919348154542510621e+00,1.993931770324707031e+01,1.317624568939208984e+01
4.320000000000000284e+01,3.152259863359925163e+01,1.239000000000000057e+02,8.135668915686061098e+00,1.958448410034179688e+01,1.312861919403076172e+01
4.300000000000000000e+01,3.191649920694057840e+01,1.764000000000000057e+02,8.933314570464569115e+00,1.831426620483398438e+01,1.310802936553955078e+01
4.279999999999999716e+01,3.079964739807183349e+01,1.764000000000000057e+02,8.740484009490854689e+00,1.680815696716308594e+01,1.297202587127685547e+01
4.260000000000000142e+01,2.980255842189925630e+01,1.765999999999999943e+02,8.224941317904059801e+00,1.507012367248535156e+01,1.329110145568847656e+01
4.229999999999999716e+01,2.700908239824621404e+01,1.771999999999999886e+02,8.685377536955547484e+00,1.729367256164550781e+01,1.360311031341552734e+01
4.220000000000000284e+01,2.541448551298454106e+01,1.775999999999999943e+02,8.326184689115116555e+00,1.900538444519042969e+01,1.286901473999023438e+01
4.200000000000000000e+01,2.345838552666036492e+01,1.788000000000000114e+02,8.032888347533864604e+00,1.775833129882812500e+01,1.321639537811279297e+01
4.220000000000000284e+01,2.208048912717259427e+01,1.235999999999999943e+02,1.018860177559607649e+01,1.507701873779296875e+01,1.397414922714233398e+01
4.260000000000000142e+01,2.180331878262121137e+01,1.234000000000000057e+02,8.857141745656601728e+00,1.736396789550781250e+01,1.356074810028076172e+01
4.260000000000000142e+01,2.098412588602185380e+01,1.234000000000000057e+02,9.465195343298818287e+00,1.992818832397460938e+01,1.391585826873779297e+01
4.229999999999999716e+01,1.727735394567858407e+01,1.227999999999999972e+02,1.061655977355393254e+01,1.785836219787597656e+01,1.479250907897949219e+01
4.260000000000000142e+01,1.654545469906785726e+01,1.225000000000000000e+02,9.661333572674051240e+00,1.712536811828613281e+01,1.436007976531982422e+01
4.260000000000000142e+01,1.430524941562256203e+01,1.224000000000000057e+02,1.056148846438598454e+01,1.701191902160644531e+01,1.467345952987670898e+01
4.279999999999999716e+01,1.365292182387063669e+01,1.220999999999999943e+02,1.091301482653461008e+01,1.872199058532714844e+01,1.471498489379882812e+01
4.300000000000000000e+01,1.581645945724132218e+01,1.222000000000000028e+02,9.585828667574597617e+00,1.871917724609375000e+01,1.531056880950927734e+01
4.300000000000000000e+01,1.606842258811631652e+01,1.224000000000000057e+02,9.201998286439568631e+00,2.032879829406738281e+01,1.591523170471191406e+01
4.279999999999999716e+01,1.744572921643608865e+01,1.225000000000000000e+02,9.845141261741041205e+00,2.240215301513671875e+01,1.490937948226928711e+01
4.260000000000000142e+01,1.759073143446006782e+01,1.227999999999999972e+02,9.742564949800691210e+00,2.049908638000488281e+01,1.458744525909423828e+01
4.260000000000000142e+01,2.020901860282478779e+01,1.230999999999999943e+02,9.440883577852005715e+00,2.111557960510253906e+01,1.460491657257080078e+01
4.260000000000000142e+01,2.035422176779391634e+01,1.230999999999999943e+02,8.284093799126067026e+00,2.085504531860351562e+01,1.454203605651855469e+01
4.279999999999999716e+01,2.086043292860489728e+01,1.230999999999999943e+02,6.977078898910552773e+00,2.271918296813964844e+01,1.363542079925537109e+01
4.279999999999999716e+01,2.041987216956379214e+01,1.230999999999999943e+02,7.712214141004999135e+00,2.438668251037597656e+01,1.300084829330444336e+01
4.260000000000000142e+01,2.124615911479090613e+01,1.234000000000000057e+02,6.819192790052107433e+00,2.618699073791503906e+01,1.246394157409667969e+01
5.750000000000000000e+01,2.339348838502567673e+01,1.210000000000000000e+02,4.202342352245215906e+00,3.006007194519042969e+01,1.022323608398437500e+01
5.739999999999999858e+01,2.279114198664440494e+01,1.210000000000000000e+02,5.655252120826798290e+00,2.925745010375976562e+01,1.052347183227539062e+01
5.700000000000000000e+01,2.393144788568278969e+01,1.212999999999999972e+02,5.735075235889114609e+00,3.070658683776855469e+01,9.770388603210449219e+00
5.650000000000000000e+01,2.429541427511149010e+01,1.215000000000000000e+02,6.314202556149149714e+00,2.874825477600097656e+01,9.610323905944824219e+00
5.550000000000000000e+01,5.494262376780579160e+01,1.799000000000000057e+02,7.275934629868768155e+00,1.549410820007324219e+01,9.709024429321289062e+00
5.560000000000000142e+01,5.496510034181624604e+01,1.799000000000000057e+02,7.228951576921664568e+00,1.750385284423828125e+01,9.734401702880859375e+00
5.550000000000000000e+01,5.657636866653461283e+01,1.799000000000000057e+02,6.314494087863799621e+00,1.767331123352050781e+01,9.784369468688964844e+00
5.550000000000000000e+01,5.766763702004043068e+01,1.799000000000000057e+02,5.895596201610969089e+00,1.637635231018066406e+01,1.076099395751953125e+01
5.550000000000000000e+01,5.745689373937981514e+01,1.799000000000000057e+02,6.368540162677631677e+00,1.588904380798339844e+01,1.048639774322509766e+01
5.550000000000000000e+01,5.759405120961999813e+01,1.799000000000000057e+02,6.541590950514352798e+00,1.454205513000488281e+01,1.141880989074707031e+01
5.560000000000000142e+01,5.673666658144767894e+01,1.799000000000000057e+02,8.095836858162662963e+00,1.509722709655761719e+01,1.059343338012695312e+01
5.560000000000000142e+01,5.583903503081020858e+01,1.799000000000000057e+02,7.771589861794025111e+00,1.415585517883300781e+01,1.071061134338378906e+01
5.529999999999999716e+01,5.524631702174353620e+01,1.799000000000000057e+02,7.264835737674090410e+00,1.326432228088378906e+01,1.042514562606811523e+01
5.550000000000000000e+01,5.416368863740702011e+01,1.799000000000000057e+02,7.833173896637832812e+00,1.239024162292480469e+01,1.087609291076660156e+01
5.560000000000000142e+01,5.621045474205955372e+01,1.799000000000000057e+02,7.301403132547044095e+00,1.033110618591308594e+01,1.085899829864501953e+01
5.570000000000000284e+01,5.775161674445058679e+01,1.799000000000000057e+02,5.546948377539051123e+00,1.310822486877441406e+01,1.034106254577636719e+01
5.560000000000000142e+01,5.704155415077412528e+01,1.799000000000000057e+02,5.751187808596278650e+00,1.252364158630371094e+01,1.039600849151611328e+01
5.550000000000000000e+01,5.727688179667691060e+01,1.799000000000000057e+02,4.872379252853196618e+00,1.119406700134277344e+01,1.034118175506591797e+01
5.539999999999999858e+01,5.806904306270774185e+01,1.799000000000000057e+02,4.148688780659586683e+00,1.007711410522460938e+01,9.814229011535644531e+00
5.539999999999999858e+01,5.918391053806439572e+01,1.799000000000000057e+02,2.667127735858958015e+00,9.827079772949218750e+00,9.464354515075683594e+00
5.539999999999999858e+01,5.808364058659402929e+01,1.799000000000000057e+02,3.136505738036068802e+00,1.064436912536621094e+01,9.213695526123046875e+00
5.510000000000000142e+01,5.519047732064517930e+01,1.799000000000000057e+02,4.899178553856780916e+00,1.105770111083984375e+01,9.703655242919921875e+00
5.520000000000000284e+01,5.550869007085506013e+01,1.799000000000000057e+02,4.668376590370923118e+00,1.282937049865722656e+01,9.498291015625000000e+00
5.529999999999999716e+01,5.415117532738705108e+01,1.799000000000000057e+02,5.791963721474616023e+00,1.235820770263671875e+01,9.741921424865722656e+00
5.529999999999999716e+01,5.521244156836199579e+01,1.799000000000000057e+02,4.768010910786523837e+00,1.312767028808593750e+01,9.312946796417236328e+00
5.529999999999999716e+01,5.691444301156887775e+01,1.799000000000000057e+02,3.654533655257745206e+00,1.339326858520507812e+01,9.540908336639404297e+00
5.510000000000000142e+01,5.608802836368934663e+01,1.799000000000000057e+02,4.616431813911768600e+00,1.299034118652343750e+01,9.242839813232421875e+00
5.539999999999999858e+01,5.459609288533432192e+01,1.799000000000000057e+02,6.655913656542917778e+00,1.114064216613769531e+01,9.361085891723632812e+00
5.529999999999999716e+01,5.635074409507499382e+01,1.799000000000000057e+02,5.801683868837555380e+00,9.552955627441406250e+00,9.830112457275390625e+00
5.550000000000000000e+01,5.653251084258256753e+01,1.795999999999999943e+02,5.569857929007250519e+00,9.626197814941406250e+00,1.020690917968750000e+01
5.560000000000000142e+01,5.716092307321070365e+01,1.799000000000000057e+02,5.465018583255718099e+00,1.191902160644531250e+01,1.047622680664062500e+01
5.550000000000000000e+01,5.637933908512589198e+01,1.799000000000000057e+02,5.857257079446021031e+00,1.075946807861328125e+01,1.015945434570312500e+01
5.560000000000000142e+01,5.610663480332836173e+01,1.790999999999999943e+02,5.791711988978782699e+00,1.147062301635742188e+01,9.976401329040527344e+00
5.550000000000000000e+01,5.652163808699989289e+01,1.793000000000000114e+02,4.694001154919529739e+00,1.044340133666992188e+01,1.064727067947387695e+01
5.550000000000000000e+01,5.464133776021959932e+01,1.785999999999999943e+02,6.365612057806862012e+00,1.102425575256347656e+01,1.100806713104248047e+01
5.579999999999999716e+01,5.808347821873689298e+01,1.784000000000000057e+02,4.370882002219284246e+00,9.054584503173828125e+00,1.190670013427734375e+01
5.579999999999999716e+01,5.916240450300001186e+01,1.779000000000000057e+02,4.031080196708204610e+00,1.204845428466796875e+01,1.179841041564941406e+01
5.579999999999999716e+01,6.012317031476736418e+01,1.781999999999999886e+02,4.138910271124546902e+00,1.270146369934082031e+01,1.107684850692749023e+01
5.589999999999999858e+01,5.891523492089156377e+01,1.781999999999999886e+02,5.404888176859270033e+00,1.111453056335449219e+01,1.150263071060180664e+01
5.579999999999999716e+01,5.669705440293471099e+01,1.785999999999999943e+02,7.109458849705018402e+00,8.658723831176757812e+00,1.221911430358886719e+01
5.579999999999999716e+01,5.718963240260276848e+01,1.789000000000000057e+02,5.998470715777067142e+00,7.737884521484375000e+00,1.197926998138427734e+01
5.589999999999999858e+01,5.639510952151132983e+01,1.785999999999999943e+02,7.126815976428235722e+00,8.929557800292968750e+00,1.236306190490722656e+01
5.589999999999999858e+01,5.810016356423683703e+01,1.786999999999999886e+02,6.092114082478147452e+00,7.930784225463867188e+00,1.243622303009033203e+01
5.579999999999999716e+01,5.809775106461724903e+01,1.799000000000000057e+02,5.449309869149350227e+00,1.005671501159667969e+01,1.269028186798095703e+01
5.579999999999999716e+01,5.985401414209977844e+01,1.795999999999999943e+02,3.813341129548060149e+00,9.273271560668945312e+00,1.259435892105102539e+01
5.589999999999999858e+01,6.032451970592752843e+01,1.789000000000000057e+02,2.374127912137829810e+00,8.877477645874023438e+00,1.242054939270019531e+01
5.589999999999999858e+01,5.779203365684541893e+01,1.781999999999999886e+02,3.880060174094774439e+00,9.898900985717773438e+00,1.166620254516601562e+01
5.579999999999999716e+01,5.783343519564877511e+01,1.789000000000000057e+02,4.228808737592496314e+00,8.309221267700195312e+00,1.238942623138427734e+01
5.579999999999999716e+01,5.587656597056827934e+01,1.784000000000000057e+02,5.060632162407205925e+00,9.693317413330078125e+00,1.173957347869873047e+01
5.579999999999999716e+01,5.532243893168922000e+01,1.775999999999999943e+02,4.860894700037542648e+00,1.083771705627441406e+01,1.092322349548339844e+01
5.600000000000000000e+01,5.285256897593803416e+01,1.766999999999999886e+02,6.626790319374710414e+00,1.113478660583496094e+01,1.025618076324462891e+01
5.570000000000000284e+01,5.290607207182237914e+01,1.774000000000000057e+02,5.397925526635036775e+00,8.623332977294921875e+00,1.118064165115356445e+01
5.550000000000000000e+01,5.404395444259876058e+01,1.781999999999999886e+02,3.644224380406695829e+00,8.111114501953125000e+00,1.113567829132080078e+01
5.539999999999999858e+01,5.399455280366255039e+01,1.785000000000000000e+02,4.196491858509724615e+00,6.943635940551757812e+00,1.207719802856445312e+01
5.550000000000000000e+01,5.329061499251874068e+01,1.774000000000000057e+02,4.921885801459051635e+00,7.900276184082031250e+00,1.249077558517456055e+01
7.000000000000000000e+01,1.081025055657727307e+01,8.800000000000000000e+01,7.137629056509661396e+00,1.369267463684082031e+01,5.537540912628173828e+00
7.000000000000000000e+01,1.102270406929323876e+01,8.859999999999999432e+01,6.748123715521590960e+00,1.121628761291503906e+01,6.398959159851074219e+00
7.000000000000000000e+01,1.213836443362521500e+01,8.890000000000000568e+01,7.621810942039016545e+00,1.073605537414550781e+01,6.242408752441406250e+00
7.000000000000000000e+01,1.323935528659315075e+01,8.950000000000000000e+01,8.225292609067700766e+00,1.246921539306640625e+01,5.787057876586914062e+00
7.000000000000000000e+01,1.268891848067759121e+01,8.859999999999999432e+01,8.324742107938208235e+00,1.499202728271484375e+01,5.117263793945312500e+00
7.000000000000000000e+01,1.244895808056891973e+01,8.859999999999999432e+01,7.825658405671157780e+00,1.485170364379882812e+01,5.760238170623779297e+00
7.000000000000000000e+01,1.045335788316655368e+01,8.820000000000000284e+01,5.307772692133360337e+00,1.659169197082519531e+01,4.741554260253906250e+00
5.860000000000000142e+01,2.806485689012067297e+01,1.207999999999999972e+02,1.490650683264867382e+01,2.997160911560058594e+01,1.655661225318908691e+01
5.860000000000000142e+01,2.841289969832391549e+01,1.207999999999999972e+02,1.580850608788403555e+01,2.790885925292968750e+01,1.671425342559814453e+01
5.860000000000000142e+01,2.780625829925074655e+01,1.207999999999999972e+02,1.532837391389033499e+01,2.931670188903808594e+01,1.719193220138549805e+01
5.860000000000000142e+01,2.727157922518721378e+01,1.207999999999999972e+02,1.519472721576436136e+01,2.715178489685058594e+01,1.780970811843872070e+01
5.889999999999999858e+01,2.680278442236535597e+01,1.205999999999999943e+02,1.487313766813308114e+01,2.686274528503417969e+01,1.771055221557617188e+01
5.939999999999999858e+01,2.800320494440822117e+01,1.205999999999999943e+02,1.407589250682940829e+01,2.510619163513183594e+01,1.808523654937744141e+01
5.920000000000000284e+01,2.528449712201118871e+01,1.202000000000000028e+02,1.464510037841625412e+01,2.432993888854980469e+01,1.814770221710205078e+01
5.939999999999999858e+01,2.561098177826073652e+01,1.202000000000000028e+02,1.399488557364596808e+01,2.207410812377929688e+01,1.824290513992309570e+01
6.010000000000000142e+01,2.488068941508007725e+01,1.199000000000000057e+02,1.357723687509283117e+01,2.471765518188476562e+01,1.791538596153259277e+01
5.939999999999999858e+01,2.647544556111281011e+01,1.202999999999999972e+02,1.312590976789856967e+01,2.318919181823730469e+01,1.788364648818969727e+01
5.939999999999999858e+01,2.652605316130254209e+01,1.204000000000000057e+02,1.290545352269777624e+01,2.301747322082519531e+01,1.740185856819152832e+01
6.010000000000000142e+01,2.501082053749717815e+01,1.200000000000000000e+02,1.281064332483419044e+01,2.384849548339843750e+01,1.665553212165832520e+01
5.989999999999999858e+01,2.388253735343472783e+01,1.200000000000000000e+02,1.245909425065680765e+01,2.293591499328613281e+01,1.757681131362915039e+01
6.010000000000000142e+01,2.286466445288549565e+01,1.197999999999999972e+02,1.223705363548875624e+01,2.049962043762207031e+01,1.836158752441406250e+01
6.029999999999999716e+01,2.413224708945123353e+01,1.199000000000000057e+02,1.246726868167080937e+01,2.343546867370605469e+01,1.743291378021240234e+01
6.010000000000000142e+01,2.580397147083141718e+01,1.200999999999999943e+02,1.240510761929367867e+01,2.192975044250488281e+01,1.766708493232727051e+01
6.010000000000000142e+01,2.477163269094521070e+01,1.199000000000000057e+02,1.409142470073685871e+01,2.280907630920410156e+01,1.722586631774902344e+01
5.989999999999999858e+01,2.486996151229653407e+01,1.200000000000000000e+02,1.368616085504942070e+01,2.392472267150878906e+01,1.733367085456848145e+01
6.029999999999999716e+01,2.416784605544401643e+01,1.197999999999999972e+02,1.367373268862792912e+01,2.578751564025878906e+01,1.650564670562744141e+01
6.089999999999999858e+01,2.353027526402462044e+01,1.197000000000000028e+02,1.247508079041625706e+01,2.453500747680664062e+01,1.739680647850036621e+01
6.089999999999999858e+01,2.233526293918706784e+01,1.195999999999999943e+02,1.195984172316894600e+01,2.418530464172363281e+01,1.794736981391906738e+01
6.010000000000000142e+01,2.412958721084944003e+01,1.197999999999999972e+02,1.303437783398976713e+01,2.340125083923339844e+01,1.822607040405273438e+01
6.029999999999999716e+01,2.446860333470701931e+01,1.197999999999999972e+02,1.450973107179996724e+01,2.507394790649414062e+01,1.824838876724243164e+01
6.110000000000000142e+01,2.402393823990454180e+01,1.195000000000000000e+02,1.404956030327374528e+01,2.529011726379394531e+01,1.886173963546752930e+01
6.089999999999999858e+01,2.474120410026304029e+01,1.197999999999999972e+02,1.412746871327401621e+01,2.785201072692871094e+01,1.842862367630004883e+01
6.150000000000000000e+01,2.477180865573552992e+01,1.197000000000000028e+02,1.327971821053053780e+01,2.896424293518066406e+01,1.868896961212158203e+01
6.260000000000000142e+01,2.320731009368660480e+01,1.190999999999999943e+02,1.231737332158832920e+01,2.673967361450195312e+01,1.852663040161132812e+01
6.260000000000000142e+01,2.322721518340335578e+01,1.190000000000000000e+02,1.336593192984914857e+01,2.908895492553710938e+01,1.755020737648010254e+01
6.329999999999999716e+01,2.377676101460400560e+01,1.190999999999999943e+02,1.263673942837904640e+01,2.953581809997558594e+01,1.669654250144958496e+01
6.260000000000000142e+01,2.419261584974142565e+01,1.192000000000000028e+02,1.235106430903105412e+01,3.127869606018066406e+01,1.698320627212524414e+01
6.260000000000000142e+01,2.664133232081296399e+01,1.197000000000000028e+02,1.116813509788212500e+01,3.079480171203613281e+01,1.722343087196350098e+01
6.329999999999999716e+01,2.350137186691081581e+01,1.190999999999999943e+02,1.142330940824032481e+01,2.939766883850097656e+01,1.766083359718322754e+01
6.150000000000000000e+01,2.568058255877138762e+01,1.197000000000000028e+02,1.253352563360012439e+01,2.773388862609863281e+01,1.712750315666198730e+01
6.329999999999999716e+01,2.475046214418437884e+01,1.194000000000000057e+02,1.134617988117671850e+01,2.598942756652832031e+01,1.719563007354736328e+01
6.150000000000000000e+01,2.616303628318390651e+01,1.197999999999999972e+02,1.205278678978289264e+01,2.610280990600585938e+01,1.668041825294494629e+01
6.089999999999999858e+01,2.813413676750433723e+01,1.202000000000000028e+02,1.303762272169605119e+01,2.549857139587402344e+01,1.724053025245666504e+01
5.989999999999999858e+01,2.922174093585500998e+01,1.205000000000000000e+02,1.385509994783670962e+01,2.531992912292480469e+01,1.767979621887207031e+01
5.939999999999999858e+01,2.999722097780544772e+01,1.207999999999999972e+02,1.345487316597453642e+01,2.710448265075683594e+01,1.732292532920837402e+01
5.889999999999999858e+01,3.086744221479128214e+01,1.210000000000000000e+02,1.505472076087937872e+01,2.907196044921875000e+01,1.686396837234497070e+01
5.860000000000000142e+01,3.305691953676924300e+01,1.212999999999999972e+02,1.565490428758479169e+01,2.826020240783691406e+01,1.743200778961181641e+01
5.810000000000000142e+01,3.262641955393728210e+01,1.215000000000000000e+02,1.658668421155575601e+01,2.795920372009277344e+01,1.812216520309448242e+01
5.829999999999999716e+01,3.503703709674439892e+01,1.217999999999999972e+02,1.572738018147726535e+01,2.918030738830566406e+01,1.731025457382202148e+01
5.789999999999999858e+01,3.277877291068557497e+01,1.215000000000000000e+02,1.715265211459170303e+01,2.732375144958496094e+01,1.692903757095336914e+01
5.829999999999999716e+01,3.235379577876835100e+01,1.215000000000000000e+02,1.515583394669596196e+01,2.926867485046386719e+01,1.624019145965576172e+01
5.860000000000000142e+01,3.315912740987880625e+01,1.215000000000000000e+02,1.418390146171254251e+01,3.023180961608886719e+01,1.668569326400756836e+01
5.829999999999999716e+01,3.397403859410231775e+01,1.217999999999999972e+02,1.298346637410432791e+01,2.894331932067871094e+01,1.700117945671081543e+01
5.889999999999999858e+01,3.490857147161543139e+01,1.215000000000000000e+02,1.225273827601535181e+01,2.957399368286132812e+01,1.693758249282836914e+01
5.920000000000000284e+01,3.171630439961263193e+01,1.210999999999999943e+02,1.317690397161363869e+01,2.976636886596679688e+01,1.727459311485290527e+01
5.939999999999999858e+01,3.174861465201784227e+01,1.210000000000000000e+02,1.373883830056131927e+01,3.045891761779785156e+01,1.761027216911315918e+01
6.010000000000000142e+01,2.967755301292393000e+01,1.205000000000000000e+02,1.330778189012906054e+01,3.078070640563964844e+01,1.824305534362792969e+01
5.939999999999999858e+01,2.878325292221168041e+01,1.205999999999999943e+02,1.441323701754811104e+01,3.229855537414550781e+01,1.804802656173706055e+01
4.300000000000000000e+01,3.046970023778778369e+01,1.799000000000000057e+02,1.849453845426407028e+01,3.880335807800292969e+01,1.041936874389648438e+01
4.300000000000000000e+01,2.884102267089315319e+01,1.799000000000000057e+02,1.981501003066555455e+01,4.109471321105957031e+01,9.761519432067871094e+00
4.339999999999999858e+01,2.837450528682957795e+01,1.799000000000000057e+02,2.064913176738170364e+01,3.883939743041992188e+01,1.011312007904052734e+01
4.360000000000000142e+01,2.919640026852200165e+01,1.799000000000000057e+02,2.110845868425149519e+01,3.785929679870605469e+01,1.019272327423095703e+01
4.320000000000000284e+01,2.900975949909296503e+01,1.799000000000000057e+02,1.968948356978733116e+01,3.883199691772460938e+01,9.905245304107666016e+00
4.300000000000000000e+01,2.709980005668007408e+01,1.799000000000000057e+02,2.035342273213965214e+01,3.837592124938964844e+01,9.644370079040527344e+00
5.989999999999999858e+01,2.781645382986626913e+01,1.219000000000000057e+02,4.879397850378707283e-03,2.688428878784179688e+01,1.330516815185546875e+01
5.970000000000000284e+01,2.786704831913059621e+01,1.209000000000000057e+02,1.570103993333642478e+00,2.822154998779296875e+01,1.289968967437744141e+01
5.989999999999999858e+01,2.680314239695222867e+01,1.207000000000000028e+02,2.159172085793048979e+00,2.976638793945312500e+01,1.290708065032958984e+01
6.110000000000000142e+01,2.622366051670245213e+01,1.204000000000000057e+02,1.311333575184301603e+00,2.720403671264648438e+01,1.317624092102050781e+01
6.089999999999999858e+01,2.755005940090892480e+01,1.205999999999999943e+02,2.332377515195627193e+00,2.851006507873535156e+01,1.327075958251953125e+01
6.150000000000000000e+01,2.836570314110625546e+01,1.205999999999999943e+02,2.133079152637299636e+00,3.067672729492187500e+01,1.321386814117431641e+01
6.150000000000000000e+01,2.821155107712233345e+01,1.205000000000000000e+02,4.028334793569003480e+00,3.330376625061035156e+01,1.258175373077392578e+01
6.010000000000000142e+01,3.015695357540004196e+01,1.209000000000000057e+02,5.241346575647361838e+00,3.383358955383300781e+01,1.218665599822998047e+01
6.150000000000000000e+01,2.863389918619483865e+01,1.205000000000000000e+02,4.228905832288502253e+00,3.628211975097656250e+01,1.129264831542968750e+01
6.150000000000000000e+01,2.890983991655792096e+01,1.205000000000000000e+02,4.169421892936696850e+00,3.649861335754394531e+01,1.121952295303344727e+01
6.150000000000000000e+01,2.862441643008782677e+01,1.204000000000000057e+02,5.643973221024268128e+00,3.635827064514160156e+01,1.082593917846679688e+01
6.089999999999999858e+01,3.068551486559438501e+01,1.207000000000000028e+02,4.724897133777495206e+00,3.777354240417480469e+01,1.026243209838867188e+01
6.089999999999999858e+01,3.073450986172574062e+01,1.207000000000000028e+02,5.503951691184587602e+00,3.879568099975585938e+01,9.843583106994628906e+00
6.089999999999999858e+01,3.108233597599531350e+01,1.209000000000000057e+02,4.266236983184734655e+00,3.748803138732910156e+01,9.723396301269531250e+00
6.150000000000000000e+01,3.182953601151954715e+01,1.207999999999999972e+02,3.942026837196334732e+00,3.742772102355957031e+01,9.943599700927734375e+00
6.150000000000000000e+01,3.123273694439108183e+01,1.207000000000000028e+02,4.811058442040120120e+00,3.542817115783691406e+01,1.092962265014648438e+01
6.229999999999999716e+01,3.021682906335164986e+01,1.205000000000000000e+02,4.983679051450917719e+00,3.784232139587402344e+01,9.819784164428710938e+00
6.229999999999999716e+01,3.022959986759580175e+01,1.204000000000000057e+02,4.712138533277973274e+00,3.892267227172851562e+01,9.580566883087158203e+00
6.229999999999999716e+01,3.078791174297511901e+01,1.205999999999999943e+02,4.030093888698052851e+00,4.013535499572753906e+01,9.837741851806640625e+00
6.329999999999999716e+01,2.943775212932570895e+01,1.202999999999999972e+02,3.792992388998033704e+00,4.203277587890625000e+01,9.935905933380126953e+00
6.260000000000000142e+01,2.926390369770996003e+01,1.202999999999999972e+02,5.193681495776364621e+00,4.145059585571289062e+01,9.231605529785156250e+00
6.540000000000000568e+01,2.741847797576595269e+01,1.199000000000000057e+02,3.973457419084327924e+00,4.185961723327636719e+01,8.446168899536132812e+00
7.000000000000000000e+01,2.496121922954480965e+01,1.195000000000000000e+02,2.291434662785201581e+00,4.315052986145019531e+01,8.435409069061279297e+00
5.620000000000000284e+01,2.198601941997983289e+01,1.205999999999999943e+02,2.158516339486235225e+01,1.275209426879882812e+01,1.579967737197875977e+01
5.589999999999999858e+01,2.359684998953299129e+01,1.210000000000000000e+02,2.179895152185337537e+01,1.283682823181152344e+01,1.522073268890380859e+01
5.629999999999999716e+01,2.450635317854119677e+01,1.210999999999999943e+02,2.076709288654988228e+01,1.141818046569824219e+01,1.496796846389770508e+01
5.639999999999999858e+01,2.365572720315259758e+01,1.207999999999999972e+02,2.146333396288840234e+01,1.102831840515136719e+01,1.527312994003295898e+01
5.620000000000000284e+01,2.615171845761569713e+01,1.212999999999999972e+02,2.216536637435187274e+01,1.059453964233398438e+01,1.556089401245117188e+01
4.320000000000000284e+01,2.419471858469135128e+01,1.212000000000000028e+02,2.317758943050620246e+01,1.166011810302734375e+01,1.514471530914306641e+01
5.589999999999999858e+01,2.395436123997007627e+01,1.209000000000000057e+02,2.433714037316595125e+01,1.224631309509277344e+01,1.456710338592529297e+01
4.339999999999999858e+01,2.558576607067748654e+01,1.799000000000000057e+02,2.425734080350408561e+01,1.213677406311035156e+01,1.453939199447631836e+01
5.610000000000000142e+01,2.353321973912386866e+01,1.205000000000000000e+02,2.514123257195080186e+01,1.334668159484863281e+01,1.373911857604980469e+01
5.570000000000000284e+01,2.367388543172607740e+01,1.207999999999999972e+02,2.571032017233615719e+01,1.075405120849609375e+01,1.374166011810302734e+01
5.579999999999999716e+01,2.336007151632258783e+01,1.205000000000000000e+02,2.658111608712611229e+01,9.342756271362304688e+00,1.373045921325683594e+01
5.650000000000000000e+01,2.460885905944987684e+01,1.204000000000000057e+02,2.587032183978005406e+01,7.981300354003906250e+00,1.327404022216796875e+01
5.660000000000000142e+01,2.436211230480100909e+01,1.204000000000000057e+02,2.436098511038441217e+01,9.725742340087890625e+00,1.380889892578125000e+01
5.679999999999999716e+01,2.701543139527526804e+01,1.209000000000000057e+02,2.368240030069301838e+01,9.101018905639648438e+00,1.357545137405395508e+01
5.760000000000000142e+01,2.517463383936398102e+01,1.202999999999999972e+02,2.260186303941505059e+01,8.980770111083984375e+00,1.346735477447509766e+01
5.829999999999999716e+01,2.415815533799681702e+01,1.197999999999999972e+02,2.256263904339494175e+01,9.786386489868164062e+00,1.326396465301513672e+01
5.829999999999999716e+01,2.331690391292191578e+01,1.195999999999999943e+02,2.222333979353898314e+01,1.202841758728027344e+01,1.232841968536376953e+01
5.860000000000000142e+01,2.265887691040333252e+01,1.195000000000000000e+02,2.103220808409620446e+01,1.340872764587402344e+01,1.149751186370849609e+01
5.829999999999999716e+01,2.529972588070341999e+01,1.200999999999999943e+02,2.163275959890418676e+01,1.401596069335937500e+01,1.147308349609375000e+01
5.829999999999999716e+01,2.623575571620927249e+01,1.204000000000000057e+02,2.065675895772040604e+01,1.512960433959960938e+01,1.073817253112792969e+01
5.829999999999999716e+01,2.793121508171310907e+01,1.205999999999999943e+02,1.987890736531845448e+01,1.645515441894531250e+01,1.062197685241699219e+01
5.750000000000000000e+01,2.919341416722075166e+01,1.210999999999999943e+02,2.075507650165562978e+01,1.855023384094238281e+01,1.045010089874267578e+01
5.739999999999999858e+01,2.949988229542369922e+01,1.212999999999999972e+02,2.123349944489016039e+01,2.006708145141601562e+01,1.090526103973388672e+01
5.789999999999999858e+01,3.014720305250622800e+01,1.212000000000000028e+02,2.066111472665419768e+01,1.958300590515136719e+01,1.111073017120361328e+01
5.789999999999999858e+01,3.085267194200430296e+01,1.212999999999999972e+02,1.981649089152167775e+01,1.723020553588867188e+01,1.156457901000976562e+01
5.739999999999999858e+01,3.377996686374441282e+01,1.220000000000000000e+02,2.027101811209657001e+01,1.974807739257812500e+01,1.045676231384277344e+01
5.720000000000000284e+01,3.460612162080764875e+01,1.222000000000000028e+02,1.991207792997618142e+01,1.883411407470703125e+01,1.076698303222656250e+01
5.710000000000000142e+01,3.309988172226297820e+01,1.220000000000000000e+02,2.150852184758485208e+01,1.756266593933105469e+01,1.034421443939208984e+01
5.650000000000000000e+01,3.282972327519952671e+01,1.222999999999999972e+02,2.198178738244605057e+01,1.740970611572265625e+01,1.070243120193481445e+01
5.629999999999999716e+01,3.318401682708912404e+01,1.790000000000000000e+02,2.242550035054726720e+01,1.609461784362792969e+01,1.112609386444091797e+01
5.679999999999999716e+01,3.311374821113736289e+01,1.222000000000000028e+02,2.209944208861731241e+01,1.705324172973632812e+01,1.027587890625000000e+01
5.700000000000000000e+01,3.369135364585728354e+01,1.222000000000000028e+02,2.090515447033788021e+01,1.988102912902832031e+01,1.054104804992675781e+01
5.720000000000000284e+01,3.356054175633813230e+01,1.220999999999999943e+02,2.046269542589047319e+01,1.843319892883300781e+01,1.061708688735961914e+01
5.710000000000000142e+01,3.503675138125106514e+01,1.224000000000000057e+02,1.928318924474039520e+01,1.923712730407714844e+01,1.079082250595092773e+01
5.720000000000000284e+01,3.846591857190171027e+01,1.227999999999999972e+02,1.815911724315743569e+01,1.713752746582031250e+01,1.086380004882812500e+01
5.770000000000000284e+01,3.694636922344975005e+01,1.222000000000000028e+02,1.693917631400510260e+01,1.901204109191894531e+01,1.108054637908935547e+01
5.760000000000000142e+01,3.596907511145545300e+01,1.222000000000000028e+02,1.859175317815571304e+01,1.857177734375000000e+01,1.182589530944824219e+01
5.720000000000000284e+01,3.799728704285382719e+01,1.227999999999999972e+02,1.882742129147993992e+01,1.665172576904296875e+01,1.241191387176513672e+01
5.670000000000000284e+01,3.798757730469692007e+01,1.775999999999999943e+02,1.929511129209235065e+01,1.633391380310058594e+01,1.297121047973632812e+01
5.639999999999999858e+01,3.817222564215336433e+01,1.781999999999999886e+02,1.917445668261659009e+01,1.567537307739257812e+01,1.244299888610839844e+01
5.610000000000000142e+01,3.972910910978000487e+01,1.788000000000000114e+02,1.764804179377445692e+01,1.729353904724121094e+01,1.238559246063232422e+01
5.610000000000000142e+01,4.057612731766369762e+01,1.785000000000000000e+02,1.640951032729887160e+01,1.489574432373046875e+01,1.221851587295532227e+01
5.579999999999999716e+01,4.013494881314314711e+01,1.790999999999999943e+02,1.586924449377878865e+01,1.588905334472656250e+01,1.289253950119018555e+01
5.579999999999999716e+01,4.159853817214599303e+01,1.790000000000000000e+02,1.439063989204785798e+01,1.542639732360839844e+01,1.222449302673339844e+01
5.560000000000000142e+01,4.118629976381826907e+01,1.799000000000000057e+02,1.454511306307127327e+01,1.607565879821777344e+01,1.149846315383911133e+01
5.579999999999999716e+01,4.039470746432343162e+01,1.798000000000000114e+02,1.537914870885026808e+01,1.768069267272949219e+01,1.118255138397216797e+01
5.539999999999999858e+01,4.166461352433783816e+01,1.799000000000000057e+02,1.356582382214457638e+01,1.600262641906738281e+01,1.202417373657226562e+01
5.550000000000000000e+01,4.162777676475747057e+01,1.799000000000000057e+02,1.353860628760010698e+01,1.704667091369628906e+01,1.195602893829345703e+01
5.570000000000000284e+01,4.116387824172669951e+01,1.796999999999999886e+02,1.462548683156999552e+01,1.635216712951660156e+01,1.183302879333496094e+01
5.510000000000000142e+01,4.065149667144710577e+01,1.799000000000000057e+02,1.342881383214454871e+01,1.574057579040527344e+01,1.253376007080078125e+01
4.370000000000000284e+01,3.862690720434113700e+01,1.799000000000000057e+02,1.468084878742411448e+01,1.681514739990234375e+01,1.262195110321044922e+01
6.229999999999999716e+01,2.209535655804817367e+01,1.194000000000000057e+02,9.159610196190847375e+00,3.207131385803222656e+01,1.462013721466064453e+01
6.260000000000000142e+01,1.942440299071821030e+01,1.187000000000000028e+02,9.467379472758794989e+00,3.105954170227050781e+01,1.473246574401855469e+01
6.229999999999999716e+01,1.909746659953923142e+01,1.187000000000000028e+02,1.050788206153259630e+01,3.335688591003417969e+01,1.472171783447265625e+01
6.260000000000000142e+01,1.999848504191744425e+01,1.187000000000000028e+02,1.077542096153383966e+01,3.270976066589355469e+01,1.517388820648193359e+01
6.540000000000000568e+01,1.801859952509370544e+01,1.180999999999999943e+02,1.029775681940843768e+01,3.058971405029296875e+01,1.604370117187500000e+01
6.840000000000000568e+01,1.595289066514890663e+01,1.175000000000000000e+02,8.852048270358629622e+00,3.146690368652343750e+01,1.534253835678100586e+01
6.540000000000000568e+01,1.721876077398727034e+01,1.180999999999999943e+02,8.883633525189845059e+00,3.105237007141113281e+01,1.501419544219970703e+01
6.659999999999999432e+01,1.531721118836967044e+01,1.172999999999999972e+02,8.879935258401721043e+00,3.292786598205566406e+01,1.434234142303466797e+01
7.000000000000000000e+01,1.527030379266462568e+01,1.170999999999999943e+02,8.200183271634530868e+00,3.295878410339355469e+01,1.454634189605712891e+01
7.000000000000000000e+01,1.671746117397805520e+01,1.177999999999999972e+02,8.092106252896584806e+00,3.439178466796875000e+01,1.458924770355224609e+01
6.979999999999999716e+01,1.533784265221588505e+01,1.170999999999999943e+02,9.328061644569498156e+00,3.262797355651855469e+01,1.467540979385375977e+01
7.000000000000000000e+01,1.480759213128471075e+01,1.170999999999999943e+02,8.817396755752515247e+00,3.242620468139648438e+01,1.448123931884765625e+01
7.000000000000000000e+01,1.334264069256294505e+01,9.690000000000000568e+01,8.098040393640150825e+00,3.443387985229492188e+01,1.419685363769531250e+01
7.000000000000000000e+01,1.369036445891891951e+01,9.659999999999999432e+01,8.332045920094145686e+00,3.392357826232910156e+01,1.358979701995849609e+01
7.000000000000000000e+01,1.555549461916410436e+01,9.870000000000000284e+01,9.428087037552367988e+00,3.411654472351074219e+01,1.427585840225219727e+01
7.000000000000000000e+01,1.325164842506304730e+01,9.790000000000000568e+01,6.815874840777841115e+00,3.423969268798828125e+01,1.427079677581787109e+01
7.000000000000000000e+01,1.492169593239100323e+01,9.900000000000000000e+01,8.372730700143996785e+00,3.374329566955566406e+01,1.481132984161376953e+01
7.000000000000000000e+01,1.487699197157527564e+01,9.870000000000000284e+01,9.134391517605767064e+00,3.409163475036621094e+01,1.524988889694213867e+01
7.000000000000000000e+01,1.414078251171443412e+01,9.829999999999999716e+01,7.797496027555574472e+00,3.599848747253417969e+01,1.500412464141845703e+01
7.000000000000000000e+01,1.406457096314459143e+01,9.900000000000000000e+01,7.052913105656452686e+00,3.484168052673339844e+01,1.543425798416137695e+01
7.000000000000000000e+01,1.604091201240802533e+01,1.170999999999999943e+02,8.415132304832461330e+00,3.632513999938964844e+01,1.480236053466796875e+01
7.000000000000000000e+01,1.600539058305760065e+01,1.170999999999999943e+02,7.888383852106270133e+00,3.606638908386230469e+01,1.538405418395996094e+01
7.000000000000000000e+01,1.712792625186721907e+01,1.170999999999999943e+02,8.416971253275654874e+00,3.840958595275878906e+01,1.566118717193603516e+01
7.000000000000000000e+01,1.644662851685348670e+01,1.170999999999999943e+02,7.697181474631467069e+00,4.003283500671386719e+01,1.525494098663330078e+01
7.000000000000000000e+01,1.843677544824729964e+01,1.179000000000000057e+02,8.673161161832581456e+00,4.063037872314453125e+01,1.548543930053710938e+01
7.000000000000000000e+01,1.938963351900811105e+01,1.180999999999999943e+02,7.384616016766617719e+00,4.202960968017578125e+01,1.549080371856689453e+01
7.000000000000000000e+01,1.884272874657173702e+01,1.179000000000000057e+02,7.011132709642793337e+00,4.341479301452636719e+01,1.461290597915649414e+01
5.670000000000000284e+01,1.512264412519388479e+01,1.202999999999999972e+02,3.792118006569453303e+00,1.250445365905761719e+01,1.148230552673339844e+01
5.689999999999999858e+01,1.403699132718780618e+01,1.202000000000000028e+02,2.329938856896482946e+00,1.265007019042968750e+01,1.215119838714599609e+01
5.760000000000000142e+01,1.340789045137082880e+01,1.199000000000000057e+02,1.529145565109387483e+00,1.381403923034667969e+01,1.250973224639892578e+01
5.810000000000000142e+01,1.398707345761024889e+01,1.199000000000000057e+02,1.137889173948029686e+00,1.569193840026855469e+01,1.175499916076660156e+01
5.789999999999999858e+01,1.372616628042314879e+01,1.197999999999999972e+02,1.406032140193115954e+00,1.713357925415039062e+01,1.184552669525146484e+01
6.260000000000000142e+01,2.395871585228185907e+01,1.184000000000000057e+02,1.822177334718419672e+01,3.824065208435058594e+01,1.798048019409179688e+01
6.260000000000000142e+01,2.305726476817256554e+01,9.759999999999999432e+01,1.896962866155075744e+01,3.857369422912597656e+01,1.772961139678955078e+01
6.329999999999999716e+01,2.244437886518810643e+01,9.650000000000000000e+01,1.835209597002615212e+01,3.623915672302246094e+01,1.768196821212768555e+01
6.300000000000000000e+01,2.135142160872299399e+01,9.659999999999999432e+01,1.756069661921035063e+01,3.382295608520507812e+01,1.766335964202880859e+01
6.440000000000000568e+01,1.917252516389339334e+01,9.509999999999999432e+01,1.549109586912549474e+01,3.137751579284667969e+01,1.739487767219543457e+01
6.260000000000000142e+01,2.053787218838947837e+01,9.590000000000000568e+01,1.765580465247284181e+01,3.117346763610839844e+01,1.723737478256225586e+01
6.229999999999999716e+01,2.075963317319968837e+01,9.540000000000000568e+01,1.834453983944566247e+01,2.896662712097167969e+01,1.703884363174438477e+01
6.260000000000000142e+01,1.757261993453911941e+01,9.209999999999999432e+01,1.632576237635757010e+01,2.926209449768066406e+01,1.750668525695800781e+01
6.260000000000000142e+01,1.809867479624575637e+01,9.209999999999999432e+01,1.666787729492053316e+01,3.121975898742675781e+01,1.708320021629333496e+01
6.150000000000000000e+01,1.936578970215437323e+01,9.290000000000000568e+01,1.875069588570720214e+01,3.181117057800292969e+01,1.763677239418029785e+01
6.150000000000000000e+01,1.792701529707375840e+01,9.120000000000000284e+01,1.795071705619641733e+01,3.361276626586914062e+01,1.785307288169860840e+01
6.229999999999999716e+01,1.720713052339073101e+01,9.020000000000000284e+01,1.743047735520127617e+01,3.172240257263183594e+01,1.766706705093383789e+01
6.150000000000000000e+01,1.582874900674557672e+01,8.859999999999999432e+01,1.687127312693976222e+01,3.120060920715332031e+01,1.715692996978759766e+01
6.110000000000000142e+01,1.561850326363933839e+01,8.820000000000000284e+01,1.730408418970597140e+01,2.922339439392089844e+01,1.727382063865661621e+01
6.010000000000000142e+01,1.601834986025865604e+01,8.859999999999999432e+01,1.830844966575511634e+01,2.788932800292968750e+01,1.781743526458740234e+01
5.939999999999999858e+01,1.605074339468970024e+01,7.500000000000000000e+01,1.909312809230986474e+01,2.945200920104980469e+01,1.824595689773559570e+01
5.920000000000000284e+01,1.650784558220280474e+01,7.500000000000000000e+01,1.960652659227968542e+01,2.718085289001464844e+01,1.848452091217041016e+01
6.010000000000000142e+01,1.617410221793613800e+01,8.800000000000000000e+01,1.850642088611887459e+01,2.778761863708496094e+01,1.781806945800781250e+01
5.939999999999999858e+01,1.638148852723325177e+01,7.500000000000000000e+01,1.938272628698954847e+01,2.575210571289062500e+01,1.839056253433227539e+01
5.889999999999999858e+01,1.649802329296157311e+01,7.500000000000000000e+01,1.987439459189473467e+01,2.317175865173339844e+01,1.898270606994628906e+01
5.939999999999999858e+01,1.620455863611729086e+01,7.500000000000000000e+01,1.923589604709886913e+01,2.324417114257812500e+01,1.868824243545532227e+01
5.970000000000000284e+01,1.439099750465500804e+01,7.500000000000000000e+01,1.748718187832752946e+01,2.373596191406250000e+01,1.927690982818603516e+01
5.889999999999999858e+01,1.314217780309687811e+01,7.500000000000000000e+01,1.698809338766648835e+01,2.343389511108398438e+01,1.959386825561523438e+01
5.889999999999999858e+01,1.298578649659232909e+01,7.500000000000000000e+01,1.683138097650064680e+01,2.148275375366210938e+01,1.982747077941894531e+01
5.860000000000000142e+01,1.318893409848041287e+01,7.500000000000000000e+01,1.725784523002103654e+01,2.159261703491210938e+01,2.045725107192993164e+01
5.750000000000000000e+01,1.299173281086604703e+01,7.500000000000000000e+01,1.778832084750438014e+01,2.121109962463378906e+01,2.110090494155883789e+01
4.300000000000000000e+01,1.375808255464807850e+01,7.500000000000000000e+01,1.946203513349469461e+01,1.886898994445800781e+01,2.195884704589843750e+01
4.260000000000000142e+01,1.193931703339571015e+01,7.500000000000000000e+01,1.830948429996663762e+01,2.127473831176757812e+01,2.192099571228027344e+01
4.260000000000000142e+01,1.348805269505139570e+01,7.500000000000000000e+01,1.971890649635529513e+01,2.107228279113769531e+01,2.215435981750488281e+01
4.260000000000000142e+01,1.294151645272569695e+01,7.500000000000000000e+01,1.870421463793970318e+01,2.165819168090820312e+01,2.228367805480957031e+01
4.279999999999999716e+01,1.165477180660975165e+01,7.500000000000000000e+01,1.703887664240224709e+01,2.021079063415527344e+01,2.176863193511962891e+01
4.250000000000000000e+01,1.150150390997977112e+01,7.500000000000000000e+01,1.867502689394775572e+01,1.989959716796875000e+01,2.221449375152587891e+01
4.220000000000000284e+01,9.702487675099987996e+00,7.500000000000000000e+01,1.849561786397426744e+01,1.846000671386718750e+01,2.191931962966918945e+01
4.229999999999999716e+01,1.104356064559939021e+01,7.500000000000000000e+01,1.904456599204845801e+01,1.700867652893066406e+01,2.226378917694091797e+01
4.279999999999999716e+01,1.393389069203006869e+01,7.500000000000000000e+01,2.028468147780018427e+01,1.593836784362792969e+01,2.252300739288330078e+01
4.279999999999999716e+01,1.470773655747220943e+01,7.500000000000000000e+01,2.137401371303285202e+01,1.461567878723144531e+01,2.235755443572998047e+01
4.260000000000000142e+01,1.384442702612630249e+01,7.500000000000000000e+01,2.193074119849293879e+01,1.395060539245605469e+01,2.174176216125488281e+01
4.250000000000000000e+01,1.308243758043992067e+01,7.500000000000000000e+01,2.093367237386850022e+01,1.606400489807128906e+01,2.078842639923095703e+01
4.260000000000000142e+01,1.430992827677581403e+01,7.500000000000000000e+01,2.126531471396200246e+01,1.647065162658691406e+01,2.064511537551879883e+01
4.229999999999999716e+01,1.242478143862135909e+01,7.500000000000000000e+01,2.047527575085911522e+01,1.418711662292480469e+01,2.099987745285034180e+01
4.260000000000000142e+01,1.098190589375845683e+01,7.500000000000000000e+01,1.773989083042673087e+01,1.343090057373046875e+01,2.193726301193237305e+01
4.300000000000000000e+01,1.219476463896505081e+01,7.500000000000000000e+01,1.792501364102520967e+01,1.280489921569824219e+01,2.238831281661987305e+01
4.320000000000000284e+01,1.248125917056196066e+01,7.500000000000000000e+01,1.708948145202084845e+01,1.513898849487304688e+01,2.151293992996215820e+01
5.939999999999999858e+01,1.124673222808290873e+01,7.500000000000000000e+01,1.461412116477298362e+01,1.343302726745605469e+01,2.115649223327636719e+01
5.970000000000000284e+01,1.268512369381811311e+01,7.500000000000000000e+01,1.580359622394094643e+01,1.109455108642578125e+01,2.093571662902832031e+01
5.939999999999999858e+01,1.420977329652441412e+01,7.500000000000000000e+01,1.744556491292238221e+01,1.288942337036132812e+01,2.096678733825683594e+01
5.889999999999999858e+01,1.505360387836565828e+01,7.500000000000000000e+01,1.847620209994587270e+01,1.333054542541503906e+01,2.065649032592773438e+01
5.939999999999999858e+01,1.607326380700707347e+01,7.500000000000000000e+01,1.922803145039470252e+01,1.540262222290039062e+01,1.966004610061645508e+01
5.939999999999999858e+01,1.513632737638299375e+01,7.500000000000000000e+01,1.822214105193353717e+01,1.481908798217773438e+01,2.029959440231323242e+01
5.970000000000000284e+01,1.592008010789374950e+01,7.500000000000000000e+01,1.887860755085336706e+01,1.619954109191894531e+01,1.991200208663940430e+01
6.029999999999999716e+01,1.558230883108151232e+01,7.500000000000000000e+01,1.821313750587940206e+01,1.861787796020507812e+01,1.959988474845886230e+01
4.100000000000000000e+01,3.099284862818610975e+01,1.799000000000000057e+02,9.910871597906927732e+00,9.354686737060546875e+00,2.065034389495849609e+01
4.079999999999999716e+01,2.623326166184374131e+01,1.799000000000000057e+02,1.140894199614052873e+01,8.107147216796875000e+00,2.013079643249511719e+01
4.079999999999999716e+01,2.183432516227167497e+01,1.799000000000000057e+02,1.274986735064484300e+01,8.458194732666015625e+00,1.952517271041870117e+01
4.079999999999999716e+01,2.241237326801990193e+01,1.799000000000000057e+02,1.258605150335431411e+01,7.471742630004882812e+00,1.965524196624755859e+01
4.079999999999999716e+01,2.056877373464729786e+01,1.799000000000000057e+02,1.244291630907315138e+01,9.521503448486328125e+00,1.914257764816284180e+01
4.060000000000000142e+01,2.358988518685666946e+01,1.799000000000000057e+02,1.176586819680191809e+01,8.030786514282226562e+00,1.978729605674743652e+01
4.079999999999999716e+01,2.281078855116385284e+01,1.799000000000000057e+02,1.300578238162838574e+01,7.422094345092773438e+00,1.960994362831115723e+01
4.060000000000000142e+01,2.464101579052013591e+01,1.799000000000000057e+02,1.140737111791854552e+01,9.572887420654296875e+00,1.889317870140075684e+01
4.060000000000000142e+01,2.570206483446517254e+01,1.799000000000000057e+02,1.094712448631389456e+01,1.228297233581542969e+01,1.848710417747497559e+01
4.060000000000000142e+01,2.669299025499230993e+01,1.799000000000000057e+02,1.194297761576176953e+01,1.103334426879882812e+01,1.786020636558532715e+01
4.060000000000000142e+01,2.945487433532202459e+01,1.799000000000000057e+02,1.051135695417737992e+01,1.022821426391601562e+01,1.784043312072753906e+01
4.070000000000000284e+01,3.304247464771861331e+01,1.799000000000000057e+02,8.978384454684812610e+00,1.212986946105957031e+01,1.724646687507629395e+01
4.070000000000000284e+01,3.347901527910504171e+01,1.799000000000000057e+02,8.278793574459887950e+00,1.323885917663574219e+01,1.644583702087402344e+01
5.500000000000000000e+01,1.534144439490866496e+01,1.207999999999999972e+02,1.334894224915452554e+01,3.243821144104003906e+01,1.729312896728515625e+01
5.510000000000000142e+01,1.572567923434887049e+01,1.207000000000000028e+02,1.473564963564870567e+01,3.092029571533203125e+01,1.699317097663879395e+01
5.450000000000000000e+01,1.573511098204575376e+01,1.210000000000000000e+02,1.433627388331057162e+01,3.294816017150878906e+01,1.683294534683227539e+01
4.360000000000000142e+01,1.498949578557929208e+01,1.209000000000000057e+02,1.386071326351237687e+01,3.428147315979003906e+01,1.696708440780639648e+01
4.260000000000000142e+01,3.269657377179580493e+01,1.799000000000000057e+02,1.564583896852088429e+01,3.303524971008300781e+01,2.886114120483398438e+00
4.260000000000000142e+01,3.244316696378695752e+01,1.799000000000000057e+02,1.622784557430794550e+01,3.082161903381347656e+01,3.356714248657226562e+00
4.320000000000000284e+01,3.323525123486821542e+01,1.799000000000000057e+02,1.768615196206770790e+01,3.364640235900878906e+01,3.074109554290771484e+00
4.300000000000000000e+01,3.666542340342422079e+01,1.799000000000000057e+02,1.550345351949540529e+01,3.192438125610351562e+01,2.540135383605957031e+00
4.260000000000000142e+01,3.703906886776272955e+01,1.799000000000000057e+02,1.489659387642442212e+01,3.074749946594238281e+01,2.927894592285156250e+00
4.260000000000000142e+01,3.658433869669481453e+01,1.799000000000000057e+02,1.481272705052715644e+01,3.234946250915527344e+01,3.578171730041503906e+00
4.220000000000000284e+01,3.476400982687283658e+01,1.799000000000000057e+02,1.401553182374688333e+01,3.234081268310546875e+01,3.194642066955566406e+00
4.250000000000000000e+01,3.430334773179118457e+01,1.799000000000000057e+02,1.615934856119192986e+01,3.468691825866699219e+01,2.432599067687988281e+00
4.260000000000000142e+01,3.515260158648854372e+01,1.799000000000000057e+02,1.626304955363242399e+01,3.458821296691894531e+01,2.444570064544677734e+00
4.229999999999999716e+01,3.743102170068758028e+01,1.799000000000000057e+02,1.448866740512514539e+01,3.664496421813964844e+01,2.038817405700683594e+00
4.229999999999999716e+01,3.831246681759959216e+01,1.799000000000000057e+02,1.308465373063300063e+01,3.828388214111328125e+01,2.514774799346923828e+00
4.260000000000000142e+01,3.723543462124044368e+01,1.799000000000000057e+02,1.492279411238076570e+01,3.780131340026855469e+01,2.316679954528808594e+00
4.279999999999999716e+01,3.728273148134699255e+01,1.799000000000000057e+02,1.584013960509170005e+01,3.964274406433105469e+01,1.793162822723388672e+00
4.260000000000000142e+01,3.660009127494920733e+01,1.799000000000000057e+02,1.571214713895746229e+01,3.921166419982910156e+01,2.495040893554687500e+00
4.260000000000000142e+01,3.837788385627550980e+01,1.799000000000000057e+02,1.386568773257467413e+01,3.798498153686523438e+01,2.674603462219238281e+00
4.220000000000000284e+01,2.738016646577019131e+01,1.794000000000000057e+02,1.063201762285352636e+01,1.806856155395507812e+01,1.714205980300903320e+01
4.229999999999999716e+01,2.564290265534376800e+01,1.795999999999999943e+02,1.156180052051161411e+01,1.891938209533691406e+01,1.697089910507202148e+01
4.229999999999999716e+01,2.517455017355633728e+01,1.795999999999999943e+02,1.318318875632125575e+01,1.943929672241210938e+01,1.717526197433471680e+01
4.229999999999999716e+01,2.507609986717224260e+01,1.790000000000000000e+02,1.256774208020440042e+01,1.915446281433105469e+01,1.768729686737060547e+01
4.229999999999999716e+01,2.359632609658838831e+01,1.794000000000000057e+02,1.282598630574509713e+01,1.752097129821777344e+01,1.757258176803588867e+01
4.220000000000000284e+01,2.513531329976247264e+01,1.799000000000000057e+02,1.082504375008488573e+01,1.593510627746582031e+01,1.738698244094848633e+01
4.220000000000000284e+01,2.349128166029552034e+01,1.795999999999999943e+02,1.169869832242397578e+01,1.445607185363769531e+01,1.732717633247375488e+01
4.229999999999999716e+01,2.641016002366459503e+01,1.786999999999999886e+02,1.137842083855124464e+01,1.269083976745605469e+01,1.701763153076171875e+01
4.260000000000000142e+01,2.978460156651161839e+01,1.785999999999999943e+02,1.041872512868687650e+01,1.401165008544921875e+01,1.723326206207275391e+01
4.260000000000000142e+01,3.009243771358881858e+01,1.795999999999999943e+02,1.056165820500378771e+01,1.418284416198730469e+01,1.709117650985717773e+01
4.220000000000000284e+01,2.910843773863199146e+01,1.799000000000000057e+02,9.794614977563350422e+00,1.606353759765625000e+01,1.653113722801208496e+01
4.220000000000000284e+01,2.941267795749840985e+01,1.794000000000000057e+02,9.030936508722902545e+00,1.811370849609375000e+01,1.658766627311706543e+01
4.229999999999999716e+01,2.803238799036540030e+01,1.794000000000000057e+02,1.037527802571867142e+01,1.886605262756347656e+01,1.678697943687438965e+01
4.229999999999999716e+01,2.832277989654098960e+01,1.794000000000000057e+02,1.145788563862733511e+01,1.910960197448730469e+01,1.648076534271240234e+01
4.229999999999999716e+01,2.831450222185232235e+01,1.793000000000000114e+02,1.103037775303282331e+01,1.690718650817871094e+01,1.609750032424926758e+01
4.260000000000000142e+01,3.103456188429408158e+01,1.785999999999999943e+02,1.106711680901377903e+01,1.702662467956542969e+01,1.667581439018249512e+01
4.260000000000000142e+01,3.144371758352871993e+01,1.790999999999999943e+02,1.084302911947699144e+01,1.762779235839843750e+01,1.626012802124023438e+01
4.260000000000000142e+01,3.131891557771027834e+01,1.785000000000000000e+02,1.087619904630987477e+01,1.546109199523925781e+01,1.641768693923950195e+01
4.260000000000000142e+01,3.293862902754116817e+01,1.790999999999999943e+02,9.909062083419359013e+00,1.644755363464355469e+01,1.590642452239990234e+01
4.250000000000000000e+01,3.200825820799555288e+01,1.795999999999999943e+02,9.236131646821499785e+00,1.664494514465332031e+01,1.571813344955444336e+01
4.300000000000000000e+01,3.205924683574711054e+01,1.779000000000000057e+02,1.085940231299394831e+01,1.825201034545898438e+01,1.601185321807861328e+01
4.279999999999999716e+01,3.437114208911228275e+01,1.781999999999999886e+02,8.889878041055608193e+00,1.772513389587402344e+01,1.546557664871215820e+01
4.260000000000000142e+01,3.321953861367103400e+01,1.788000000000000114e+02,9.181493879564014193e+00,1.756020545959472656e+01,1.475945949554443359e+01
4.260000000000000142e+01,3.239678159868221030e+01,1.781999999999999886e+02,9.831615851389347682e+00,1.840525627136230469e+01,1.400332927703857422e+01
4.320000000000000284e+01,3.402823747359994400e+01,1.770000000000000000e+02,1.008567365173251673e+01,1.793169021606445312e+01,1.417592525482177734e+01
4.279999999999999716e+01,3.214155197392227592e+01,1.775999999999999943e+02,1.036684751220285605e+01,1.922509193420410156e+01,1.385460615158081055e+01
4.300000000000000000e+01,3.269030573606291057e+01,1.771999999999999886e+02,9.846821230499539723e+00,1.826947212219238281e+01,1.412837505340576172e+01
4.360000000000000142e+01,3.355760388721385112e+01,1.764000000000000057e+02,1.135569628296985201e+01,1.629222869873046875e+01,1.403629302978515625e+01
4.360000000000000142e+01,3.505722779610030670e+01,1.765999999999999943e+02,9.958808090539946534e+00,1.602811813354492188e+01,1.473798751831054688e+01
4.360000000000000142e+01,3.496540262806506405e+01,1.756999999999999886e+02,9.930598051260741244e+00,1.766197204589843750e+01,1.402745246887207031e+01
5.529999999999999716e+01,3.327709092888452602e+01,1.234000000000000057e+02,1.049544642718341514e+01,1.673859596252441406e+01,1.406832218170166016e+01
5.550000000000000000e+01,3.097488193378310584e+01,1.227999999999999972e+02,1.035609335144816257e+01,1.543917655944824219e+01,1.452499151229858398e+01
5.500000000000000000e+01,3.330875056553450264e+01,1.234000000000000057e+02,1.129557350811344563e+01,1.346257209777832031e+01,1.532347679138183594e+01
5.520000000000000284e+01,3.495654703458856716e+01,1.234000000000000057e+02,9.967775545690336969e+00,1.133609771728515625e+01,1.515838623046875000e+01
4.370000000000000284e+01,3.446455338445999672e+01,1.759000000000000057e+02,1.062171938838218566e+01,1.293766021728515625e+01,1.549232721328735352e+01
5.539999999999999858e+01,3.355073551835474888e+01,1.230999999999999943e+02,1.055320224765682724e+01,1.475582122802734375e+01,1.456781864166259766e+01
5.529999999999999716e+01,3.099318406186992192e+01,1.227999999999999972e+02,1.154078844004696691e+01,1.523299217224121094e+01,1.422068119049072266e+01
5.500000000000000000e+01,2.964049811932468614e+01,1.227999999999999972e+02,1.063373457899235497e+01,1.651031494140625000e+01,1.473274469375610352e+01
5.539999999999999858e+01,2.702629548978466190e+01,1.222000000000000028e+02,9.959703412570297232e+00,1.464392662048339844e+01,1.525727033615112305e+01
5.610000000000000142e+01,2.670142066338362596e+01,1.220000000000000000e+02,9.075200070921852102e+00,1.576517105102539062e+01,1.573846817016601562e+01
5.620000000000000284e+01,2.770809323843173999e+01,1.220000000000000000e+02,1.026186810983241315e+01,1.601950645446777344e+01,1.604646682739257812e+01
5.589999999999999858e+01,2.969566968913915872e+01,1.225000000000000000e+02,1.144999022563379754e+01,1.399569511413574219e+01,1.632322311401367188e+01
5.620000000000000284e+01,2.877555762459893174e+01,1.220999999999999943e+02,1.176578549512865379e+01,1.147343635559082031e+01,1.733624935150146484e+01
5.650000000000000000e+01,3.059637948136728625e+01,1.222000000000000028e+02,1.086618225257906545e+01,1.209729194641113281e+01,1.668369531631469727e+01
5.679999999999999716e+01,3.098854320754442426e+01,1.222000000000000028e+02,1.080555820921026466e+01,1.454094886779785156e+01,1.612047433853149414e+01
5.629999999999999716e+01,3.192066832143907362e+01,1.225000000000000000e+02,1.088775496150145017e+01,1.266430854797363281e+01,1.586374998092651367e+01
5.629999999999999716e+01,3.180034106710260033e+01,1.225000000000000000e+02,9.076660009699011766e+00,1.121870994567871094e+01,1.642769813537597656e+01
5.670000000000000284e+01,3.359770948287995651e+01,1.225000000000000000e+02,8.096989073433466189e+00,1.333321571350097656e+01,1.600087642669677734e+01
5.629999999999999716e+01,3.618801494656515416e+01,1.230999999999999943e+02,9.046163988935912670e+00,1.358845710754394531e+01,1.637026786804199219e+01
5.660000000000000142e+01,3.350324178632678240e+01,1.225000000000000000e+02,8.380939579414880214e+00,1.107474327087402344e+01,1.663919806480407715e+01
5.639999999999999858e+01,3.510128430398598454e+01,1.227999999999999972e+02,8.413632895266941247e+00,1.220458984375000000e+01,1.588593482971191406e+01
5.989999999999999858e+01,3.261640640788164802e+01,1.210000000000000000e+02,1.288255441346740149e+01,1.676492691040039062e+01,1.264853477478027344e+01
5.950000000000000000e+01,3.390742743853316199e+01,1.212000000000000028e+02,1.364808389493196650e+01,1.844280242919921875e+01,1.196575641632080078e+01
5.889999999999999858e+01,3.468294389877620176e+01,1.215000000000000000e+02,1.445615458225412553e+01,1.909097671508789062e+01,1.148737907409667969e+01
5.939999999999999858e+01,3.339954404184090464e+01,1.212000000000000028e+02,1.413445662026035343e+01,2.070819854736328125e+01,1.185108661651611328e+01
5.989999999999999858e+01,3.282496904061468257e+01,1.210000000000000000e+02,1.382200867459817673e+01,2.227229118347167969e+01,1.137098312377929688e+01
5.939999999999999858e+01,3.191285546939222684e+01,1.210999999999999943e+02,1.369191981619785103e+01,2.047774314880371094e+01,1.159738779067993164e+01
5.950000000000000000e+01,3.181335383666967331e+01,1.210000000000000000e+02,1.299623614196279675e+01,2.202491760253906250e+01,1.214334011077880859e+01
5.860000000000000142e+01,3.253155478989222615e+01,1.212999999999999972e+02,1.425870899651700086e+01,2.046444892883300781e+01,1.292173385620117188e+01
5.970000000000000284e+01,3.116713720363481599e+01,1.207999999999999972e+02,1.323134898791800573e+01,2.235931396484375000e+01,1.221776008605957031e+01
5.939999999999999858e+01,2.959304236166591551e+01,1.207999999999999972e+02,1.418654635149962218e+01,2.097331047058105469e+01,1.298282623291015625e+01
5.939999999999999858e+01,2.822503782595280342e+01,1.205000000000000000e+02,1.465743600035076355e+01,2.076236724853515625e+01,1.376630067825317383e+01
5.889999999999999858e+01,2.897829669683266829e+01,1.207999999999999972e+02,1.554252929340025702e+01,2.142998695373535156e+01,1.379058361053466797e+01
5.829999999999999716e+01,3.006590951974105508e+01,1.210000000000000000e+02,1.695995759657600743e+01,2.171663284301757812e+01,1.415351867675781250e+01
5.860000000000000142e+01,3.071134670018300028e+01,1.212000000000000028e+02,1.664277786076420185e+01,2.035408973693847656e+01,1.421756029129028320e+01
5.829999999999999716e+01,2.955955195324964180e+01,1.210000000000000000e+02,1.712141733877218286e+01,1.884745597839355469e+01,1.375987291336059570e+01
5.850000000000000000e+01,2.852679908888953975e+01,1.207999999999999972e+02,1.755423484739263884e+01,1.846196174621582031e+01,1.365991592407226562e+01
5.889999999999999858e+01,2.873986514795341307e+01,1.205999999999999943e+02,1.815574639360173137e+01,2.078234672546386719e+01,1.373913764953613281e+01
5.920000000000000284e+01,3.112717459073365944e+01,1.209000000000000057e+02,1.701793280436251266e+01,1.932620048522949219e+01,1.432841539382934570e+01
5.860000000000000142e+01,3.037340049995772517e+01,1.210000000000000000e+02,1.706305120164156008e+01,1.900842666625976562e+01,1.502654552459716797e+01
5.889999999999999858e+01,2.934247631256660327e+01,1.207999999999999972e+02,1.736942705155296807e+01,1.701145172119140625e+01,1.502060890197753906e+01
5.889999999999999858e+01,2.862533494924223376e+01,1.205000000000000000e+02,1.789385338848312657e+01,1.897511482238769531e+01,1.469427585601806641e+01
5.950000000000000000e+01,3.022211219542630545e+01,1.205999999999999943e+02,1.724104786171727000e+01,1.990381240844726562e+01,1.432204723358154297e+01
5.939999999999999858e+01,2.916350297838683758e+01,1.205000000000000000e+02,1.824530464376686467e+01,1.940089225769042969e+01,1.512228250503540039e+01
5.970000000000000284e+01,2.815086522139660019e+01,1.202000000000000028e+02,1.720252285518224866e+01,2.040903091430664062e+01,1.443929672241210938e+01
6.029999999999999716e+01,2.860296137396851535e+01,1.200999999999999943e+02,1.721213680494122400e+01,2.309659004211425781e+01,1.444923162460327148e+01
6.150000000000000000e+01,2.715602757067811979e+01,1.195999999999999943e+02,1.669407192218557867e+01,2.531413078308105469e+01,1.458857297897338867e+01
6.260000000000000142e+01,2.542804205894419667e+01,1.190999999999999943e+02,1.600496199902794814e+01,2.311146736145019531e+01,1.466351032257080078e+01
6.150000000000000000e+01,2.463037815777285999e+01,1.190999999999999943e+02,1.708739253358775301e+01,2.347817420959472656e+01,1.453488349914550781e+01
6.229999999999999716e+01,2.342776819033939262e+01,1.187000000000000028e+02,1.821669984537113507e+01,2.328549385070800781e+01,1.466847419738769531e+01
6.150000000000000000e+01,2.434141274472857219e+01,1.190999999999999943e+02,1.749326977708011555e+01,2.535241127014160156e+01,1.453389167785644531e+01
6.150000000000000000e+01,2.466661336373933722e+01,1.192000000000000028e+02,1.722277676636841193e+01,2.285594940185546875e+01,1.466264486312866211e+01
6.150000000000000000e+01,2.332181379358953777e+01,1.187000000000000028e+02,1.853391567433063614e+01,2.322966575622558594e+01,1.440979242324829102e+01
6.150000000000000000e+01,2.450790034366718118e+01,1.190000000000000000e+02,1.868723723113961555e+01,2.450868606567382812e+01,1.466534614562988281e+01
6.089999999999999858e+01,2.450680409969385920e+01,1.192000000000000028e+02,1.891583536974492930e+01,2.367952346801757812e+01,1.411993503570556641e+01
6.089999999999999858e+01,2.515724696087573165e+01,1.194000000000000057e+02,1.830798972727840379e+01,2.295538902282714844e+01,1.441990852355957031e+01
6.089999999999999858e+01,2.251073984749689672e+01,1.187000000000000028e+02,1.932192358860648795e+01,2.231055259704589844e+01,1.474431037902832031e+01
6.089999999999999858e+01,2.328834048219354713e+01,1.192000000000000028e+02,1.824773432990566135e+01,1.962715148925781250e+01,1.564335346221923828e+01
6.050000000000000000e+01,2.237661902952284976e+01,1.190000000000000000e+02,1.894543105618977918e+01,1.959205627441406250e+01,1.585064172744750977e+01
5.989999999999999858e+01,2.297124098203634901e+01,1.194000000000000057e+02,1.841385674499392522e+01,1.885951042175292969e+01,1.646593332290649414e+01
5.970000000000000284e+01,2.235414132312975610e+01,1.194000000000000057e+02,1.791668686139967903e+01,1.693715095520019531e+01,1.726921677589416504e+01
6.010000000000000142e+01,2.061619356521992330e+01,1.189000000000000057e+02,1.859050882698939944e+01,1.774531364440917969e+01,1.776929497718811035e+01
6.089999999999999858e+01,1.733074432394351305e+01,9.440000000000000568e+01,1.739900176601722137e+01,1.742234230041503906e+01,1.736479759216308594e+01
6.150000000000000000e+01,1.745888938012803138e+01,9.409999999999999432e+01,1.680621991231988588e+01,1.926900863647460938e+01,1.673121094703674316e+01
6.260000000000000142e+01,1.501516523989449858e+01,9.140000000000000568e+01,1.467177070314245491e+01,1.895257949829101562e+01,1.651678800582885742e+01
6.370000000000000284e+01,1.529263599876746049e+01,9.229999999999999716e+01,1.376802256550551817e+01,2.066175460815429688e+01,1.623964309692382812e+01
6.470000000000000284e+01,1.478432557466348385e+01,9.179999999999999716e+01,1.299656872074079494e+01,2.204191207885742188e+01,1.635087490081787109e+01
6.329999999999999716e+01,1.559850502901121772e+01,9.170000000000000284e+01,1.451345632918028095e+01,2.077629089355468750e+01,1.650717258453369141e+01
6.420000000000000284e+01,1.561916202997234393e+01,9.250000000000000000e+01,1.370889914990186398e+01,1.948327064514160156e+01,1.630903244018554688e+01
6.540000000000000568e+01,1.418469296401110213e+01,9.150000000000000000e+01,1.223524844509415743e+01,1.858886718750000000e+01,1.669455766677856445e+01
6.820000000000000284e+01,1.232086719244583506e+01,9.100000000000000000e+01,1.002463053529726977e+01,1.912365913391113281e+01,1.711181879043579102e+01
7.000000000000000000e+01,1.221569320379344958e+01,9.109999999999999432e+01,9.553484989973634711e+00,1.907383918762207031e+01,1.780993223190307617e+01
6.260000000000000142e+01,8.901123822420229814e+00,1.170999999999999943e+02,7.028300409694695716e+00,1.238118171691894531e+01,1.716790318489074707e+01
6.229999999999999716e+01,9.536655771250565294e+00,1.170999999999999943e+02,8.794143272524184596e+00,1.173700332641601562e+01,1.779966473579406738e+01
6.150000000000000000e+01,9.560197128886496643e+00,1.170999999999999943e+02,9.562298406705394882e+00,1.048940658569335938e+01,1.830069303512573242e+01
6.089999999999999858e+01,1.014903889617616173e+01,1.177000000000000028e+02,1.017174503818071507e+01,1.077896118164062500e+01,1.766084909439086914e+01
6.029999999999999716e+01,9.967305218805691425e+00,1.179000000000000057e+02,1.040168135276014283e+01,1.227702140808105469e+01,1.776050806045532227e+01
5.989999999999999858e+01,9.274743414756697391e+00,1.179000000000000057e+02,1.040331599211330982e+01,1.247899055480957031e+01,1.795051574707031250e+01
5.920000000000000284e+01,9.922567628308414101e+00,1.180999999999999943e+02,1.079045813862593128e+01,9.952840805053710938e+00,1.860649347305297852e+01
5.920000000000000284e+01,1.158193594248785985e+01,1.187000000000000028e+02,9.615184050829292062e+00,8.517789840698242188e+00,1.878128290176391602e+01
5.860000000000000142e+01,1.258634641426710132e+01,1.190999999999999943e+02,9.535643961741556041e+00,7.581415176391601562e+00,1.888652682304382324e+01
5.889999999999999858e+01,1.263219236126262501e+01,1.189000000000000057e+02,1.070107893544040323e+01,9.666385650634765625e+00,1.786970138549804688e+01
5.860000000000000142e+01,1.227996877710785206e+01,1.187000000000000028e+02,1.151729348560971644e+01,1.056838989257812500e+01,1.843848466873168945e+01
5.920000000000000284e+01,9.689979554487596403e+00,1.180999999999999943e+02,1.151854022725155247e+01,1.125180244445800781e+01,1.832046270370483398e+01
5.889999999999999858e+01,8.832353462336026695e+00,1.180999999999999943e+02,1.048063179450166160e+01,1.240788459777832031e+01,1.878635644912719727e+01
5.939999999999999858e+01,1.052706453568475808e+01,1.184000000000000057e+02,9.534933063739112313e+00,1.194568634033203125e+01,1.852602005004882812e+01
5.989999999999999858e+01,8.944003584671024853e+00,1.179000000000000057e+02,9.671559263415113961e+00,1.006379127502441406e+01,1.955199480056762695e+01
6.089999999999999858e+01,8.143327554682318947e+00,9.550000000000000000e+01,9.411218503480029085e+00,9.135599136352539062e+00,1.961726188659667969e+01
6.229999999999999716e+01,6.204783005807673391e+00,9.409999999999999432e+01,6.868193095817201055e+00,1.110518455505371094e+01,1.890236258506774902e+01
6.300000000000000000e+01,6.278086523578672029e+00,9.540000000000000568e+01,5.744454993990824931e+00,1.322367668151855469e+01,1.782401561737060547e+01
6.150000000000000000e+01,6.782360576640570571e+00,9.559999999999999432e+01,7.520029760898157001e+00,1.577883720397949219e+01,1.744601368904113770e+01
6.329999999999999716e+01,6.211166044070522751e+00,9.440000000000000568e+01,5.826883651369413997e+00,1.450538635253906250e+01,1.802919864654541016e+01
6.420000000000000284e+01,8.083870411018192925e+00,9.690000000000000568e+01,6.007001122017172179e+00,1.663345336914062500e+01,1.771589994430541992e+01
6.150000000000000000e+01,9.810496306884845197e+00,1.175000000000000000e+02,8.202863607563035231e+00,1.459074974060058594e+01,1.794315457344055176e+01
6.089999999999999858e+01,1.141699261238323437e+01,1.180999999999999943e+02,8.055798287734564411e+00,1.614391326904296875e+01,1.785173296928405762e+01
6.110000000000000142e+01,1.031061550389923376e+01,1.177999999999999972e+02,8.498100203101120798e+00,1.650135040283203125e+01,1.819181442260742188e+01
6.150000000000000000e+01,1.066660580027341609e+01,1.175000000000000000e+02,9.370035255550256181e+00,1.823063850402832031e+01,1.736606597900390625e+01
6.089999999999999858e+01,9.545663838434951032e+00,1.170999999999999943e+02,9.696420726283580649e+00,1.653965950012207031e+01,1.712751150131225586e+01
6.110000000000000142e+01,8.478670713772260115e+00,9.570000000000000284e+01,9.079172897725232616e+00,1.518822669982910156e+01,1.809239864349365234e+01
6.260000000000000142e+01,7.774769140027820491e+00,9.459999999999999432e+01,7.436878709884377159e+00,1.775411605834960938e+01,1.828024029731750488e+01
6.420000000000000284e+01,8.000159400253396669e+00,9.479999999999999716e+01,6.515609287694545060e+00,1.608395576477050781e+01,1.869765043258666992e+01
6.659999999999999432e+01,5.546584167011795685e+00,9.250000000000000000e+01,4.196553299506851964e+00,1.432706832885742188e+01,1.952276349067687988e+01
6.370000000000000284e+01,7.073682993656570162e+00,9.340000000000000568e+01,6.484563145047921751e+00,1.251173973083496094e+01,1.986135244369506836e+01
7.000000000000000000e+01,1.548431970878899655e+01,1.020000000000000000e+02,2.942427689605292329e+00,2.099161148071289062e+00,1.517389297485351562e+01
7.000000000000000000e+01,1.385020053024126518e+01,1.005000000000000000e+02,1.858985976177522037e+00,3.122749328613281250e+00,1.485199213027954102e+01
7.000000000000000000e+01,1.467752272439614636e+01,1.012999999999999972e+02,2.208957557517573278e+00,2.609071731567382812e+00,1.483452081680297852e+01
7.000000000000000000e+01,1.431018239485172749e+01,1.012000000000000028e+02,2.487035633199011109e+00,4.827699661254882812e+00,1.403257846832275391e+01
7.000000000000000000e+01,1.173575012549817487e+01,9.950000000000000000e+01,1.155374840260442237e+00,6.296806335449218750e+00,1.417985916137695312e+01
5.920000000000000284e+01,3.713086099594454481e+01,1.214000000000000057e+02,1.982918292416641393e+01,4.090044975280761719e+01,1.450342655181884766e+01
5.860000000000000142e+01,3.924602092899694128e+01,1.220000000000000000e+02,2.112201844542788720e+01,4.254122734069824219e+01,1.468683242797851562e+01
5.820000000000000284e+01,3.890185493620717949e+01,1.222000000000000028e+02,2.136173268655752366e+01,4.142119407653808594e+01,1.451717615127563477e+01
5.820000000000000284e+01,4.036322680525387341e+01,1.222000000000000028e+02,2.063126898065078763e+01,4.090487480163574219e+01,1.476087093353271484e+01
5.829999999999999716e+01,4.040960212018912046e+01,1.222000000000000028e+02,1.864445916216898524e+01,3.880953788757324219e+01,1.493471145629882812e+01
5.829999999999999716e+01,3.952482772527653054e+01,1.222000000000000028e+02,1.745701324663815157e+01,3.878560066223144531e+01,1.559039115905761719e+01
5.820000000000000284e+01,3.797990039695319808e+01,1.222000000000000028e+02,1.833600794672090473e+01,3.776041984558105469e+01,1.617180585861206055e+01
5.860000000000000142e+01,3.797908792108608367e+01,1.220999999999999943e+02,1.688782660694353055e+01,3.514382362365722656e+01,1.646734476089477539e+01
5.860000000000000142e+01,3.623543292490238343e+01,1.217999999999999972e+02,1.582258125811884142e+01,3.267397880554199219e+01,1.754154205322265625e+01
5.860000000000000142e+01,3.507021202904425650e+01,1.215999999999999943e+02,1.695261975080056871e+01,3.033578872680664062e+01,1.804566979408264160e+01
5.939999999999999858e+01,3.238912669873450056e+01,1.210000000000000000e+02,1.569091448846662296e+01,2.846251487731933594e+01,1.791463732719421387e+01
5.989999999999999858e+01,3.364195451202058251e+01,1.210000000000000000e+02,1.459626854347596314e+01,3.030291557312011719e+01,1.797385215759277344e+01
5.970000000000000284e+01,3.264508216293243947e+01,1.209000000000000057e+02,1.448203880118291664e+01,2.931567192077636719e+01,1.828973412513732910e+01
5.920000000000000284e+01,3.437122740207110638e+01,1.212999999999999972e+02,1.448996355600703545e+01,3.000693321228027344e+01,1.895908951759338379e+01
5.889999999999999858e+01,3.421019958474067835e+01,1.214000000000000057e+02,1.543434975534483655e+01,2.799278259277343750e+01,1.983704328536987305e+01
5.889999999999999858e+01,3.574117961251411657e+01,1.215999999999999943e+02,1.393615583766408506e+01,2.753533363342285156e+01,1.965755939483642578e+01
5.939999999999999858e+01,3.634761116734572539e+01,1.215000000000000000e+02,1.346233277880111245e+01,2.909061431884765625e+01,1.863217234611511230e+01
5.860000000000000142e+01,3.829622777152869162e+01,1.220000000000000000e+02,1.380970325934869614e+01,2.814311027526855469e+01,1.869815587997436523e+01
5.860000000000000142e+01,4.075653340449744633e+01,1.220999999999999943e+02,1.283337429716275402e+01,3.023718833923339844e+01,1.851941585540771484e+01
5.860000000000000142e+01,4.198414701342375821e+01,1.222000000000000028e+02,1.275042674156866696e+01,2.896180152893066406e+01,1.809495925903320312e+01
5.860000000000000142e+01,4.182287595624831056e+01,1.222999999999999972e+02,1.268875120585889604e+01,2.677600860595703125e+01,1.867402791976928711e+01
5.860000000000000142e+01,4.028920793712287463e+01,1.220999999999999943e+02,1.356214206248727550e+01,2.887187004089355469e+01,1.777612566947937012e+01
5.889999999999999858e+01,4.173406173143295916e+01,1.222000000000000028e+02,1.278953954881522392e+01,2.748974800109863281e+01,1.803568363189697266e+01
5.889999999999999858e+01,4.044840525622917227e+01,1.220999999999999943e+02,1.081646092582292695e+01,2.897480964660644531e+01,1.862178444862365723e+01
5.939999999999999858e+01,3.842251764343514964e+01,1.215999999999999943e+02,1.016211859737687639e+01,2.655728340148925781e+01,1.884418010711669922e+01
5.970000000000000284e+01,3.714999182358170771e+01,1.215000000000000000e+02,1.020885952523386386e+01,2.884072303771972656e+01,1.832622528076171875e+01
5.970000000000000284e+01,3.750060584908037953e+01,1.215000000000000000e+02,1.090602135729056954e+01,2.807243347167968750e+01,1.876104235649108887e+01
5.970000000000000284e+01,3.792479511787210811e+01,1.215999999999999943e+02,9.515930286957818396e+00,2.941800117492675781e+01,1.864529848098754883e+01
6.029999999999999716e+01,3.794255565467876323e+01,1.215000000000000000e+02,9.373611475895231138e+00,2.741724967956542969e+01,1.952419281005859375e+01
6.020000000000000284e+01,3.778241390111421083e+01,1.215000000000000000e+02,9.349619412543415109e+00,2.982428550720214844e+01,1.945010900497436523e+01
6.029999999999999716e+01,3.746920960226707109e+01,1.212999999999999972e+02,1.022281123633503697e+01,2.748702049255371094e+01,1.929144501686096191e+01
6.029999999999999716e+01,3.785660941176534777e+01,1.215000000000000000e+02,8.695897158723358444e+00,2.831036567687988281e+01,1.936764359474182129e+01
6.150000000000000000e+01,3.701989829763918749e+01,1.210999999999999943e+02,7.975880706774704620e+00,2.995553016662597656e+01,1.895861625671386719e+01
6.150000000000000000e+01,3.784548986031876439e+01,1.212000000000000028e+02,7.708378307801979190e+00,3.278609275817871094e+01,1.837143421173095703e+01
6.110000000000000142e+01,3.834470624016856277e+01,1.212999999999999972e+02,7.441464845193909383e+00,3.506279945373535156e+01,1.855694293975830078e+01
6.089999999999999858e+01,4.000457423653123357e+01,1.215000000000000000e+02,7.871292663891280128e+00,3.698464393615722656e+01,1.796460390090942383e+01
6.070000000000000284e+01,3.986782752511479799e+01,1.215000000000000000e+02,9.178934552586198947e+00,3.830670356750488281e+01,1.768919110298156738e+01
6.089999999999999858e+01,3.839316963753692846e+01,1.212999999999999972e+02,9.847441073119490795e+00,4.081226348876953125e+01,1.791777968406677246e+01
6.010000000000000142e+01,3.995294623417831303e+01,1.217999999999999972e+02,1.086198343436877423e+01,4.236057281494140625e+01,1.742357015609741211e+01
6.010000000000000142e+01,3.951493700279618082e+01,1.217999999999999972e+02,1.077403869073291887e+01,4.332812309265136719e+01,1.759379863739013672e+01
5.970000000000000284e+01,3.861344975831069348e+01,1.217999999999999972e+02,1.217293182308612565e+01,4.311361312866210938e+01,1.700626969337463379e+01
5.939999999999999858e+01,3.904252888068089788e+01,1.217999999999999972e+02,1.240746072229782371e+01,4.176511764526367188e+01,1.706348061561584473e+01
5.889999999999999858e+01,3.863249455342788963e+01,1.220999999999999943e+02,1.286627259907687915e+01,4.280436515808105469e+01,1.712934017181396484e+01
5.860000000000000142e+01,4.033650070793438402e+01,1.222000000000000028e+02,1.366130823103751446e+01,4.199013710021972656e+01,1.732201814651489258e+01
5.920000000000000284e+01,4.069712209919080692e+01,1.220999999999999943e+02,1.305101261386643507e+01,4.075751304626464844e+01,1.705639719963073730e+01
5.860000000000000142e+01,4.245305436367738139e+01,1.225000000000000000e+02,1.400933408990077567e+01,4.125636100769042969e+01,1.753293395042419434e+01
5.829999999999999716e+01,4.552089829113316455e+01,1.227999999999999972e+02,1.311729048043329904e+01,4.003993034362792969e+01,1.697975635528564453e+01
5.789999999999999858e+01,4.733938192891329777e+01,1.234000000000000057e+02,1.361922872547926744e+01,4.152485847473144531e+01,1.639222860336303711e+01
5.779999999999999716e+01,4.916941178736330187e+01,1.235000000000000000e+02,1.184188443195693452e+01,4.054014205932617188e+01,1.589719057083129883e+01
5.779999999999999716e+01,4.969174501292832957e+01,1.235999999999999943e+02,1.150717893038637207e+01,3.977195739746093750e+01,1.661119461059570312e+01
5.770000000000000284e+01,5.181306893949567893e+01,1.731999999999999886e+02,9.952524597919836680e+00,3.995803833007812500e+01,1.651105761528015137e+01
5.829999999999999716e+01,3.484735338583050890e+01,1.200000000000000000e+02,6.731422219630084011e-03,6.795921325683593750e+00,6.647877693176269531e+00
5.829999999999999716e+01,3.338033519651907000e+01,1.200000000000000000e+02,8.283922672055537076e-03,5.479974746704101562e+00,7.145581245422363281e+00
5.860000000000000142e+01,3.554268496473466143e+01,1.200000000000000000e+02,2.615412970282440883e-03,4.140863418579101562e+00,7.824316024780273438e+00
5.900000000000000000e+01,3.548046584515837054e+01,1.200000000000000000e+02,6.285952917622577782e-03,2.048292160034179688e+00,8.621191978454589844e+00
5.570000000000000284e+01,2.049148899435257931e+01,1.212999999999999972e+02,1.031690001104300869e+01,1.097137451171875000e+01,1.107656955718994141e+01
5.579999999999999716e+01,2.155487523248137194e+01,1.214000000000000057e+02,1.044212663900802696e+01,1.380678176879882812e+01,1.095764636993408203e+01
5.589999999999999858e+01,2.297446792623564349e+01,1.215000000000000000e+02,1.013215686146641481e+01,1.341768264770507812e+01,1.069835186004638672e+01
5.579999999999999716e+01,2.093143607091085912e+01,1.212999999999999972e+02,1.119185196198476895e+01,1.077586174011230469e+01,1.101156234741210938e+01
5.610000000000000142e+01,1.923768525240191352e+01,1.210000000000000000e+02,1.155787469023673530e+01,1.053611755371093750e+01,1.138468265533447266e+01
5.600000000000000000e+01,1.868010641307430220e+01,1.209000000000000057e+02,1.183994311773935770e+01,1.034247398376464844e+01,1.066604614257812500e+01
5.610000000000000142e+01,1.920703275933214016e+01,1.210000000000000000e+02,1.005255847097244803e+01,7.737398147583007812e+00,1.065052747726440430e+01
5.610000000000000142e+01,1.898192753986697312e+01,1.210000000000000000e+02,9.963531345110824944e+00,9.231777191162109375e+00,9.800403118133544922e+00
5.589999999999999858e+01,1.819692039993146082e+01,1.210000000000000000e+02,1.107206859989706693e+01,8.844041824340820312e+00,9.741439819335937500e+00
5.589999999999999858e+01,1.954791798414893833e+01,1.210999999999999943e+02,1.079662414868512776e+01,1.003341674804687500e+01,8.754177093505859375e+00
5.589999999999999858e+01,1.763903567325042232e+01,1.207999999999999972e+02,1.158469508980211415e+01,8.497257232666015625e+00,8.814718723297119141e+00
5.629999999999999716e+01,1.753518771586027114e+01,1.207000000000000028e+02,1.066654280490052109e+01,9.909334182739257812e+00,8.482828140258789062e+00
5.650000000000000000e+01,1.930525122447930286e+01,1.209000000000000057e+02,9.617009427489300322e+00,1.186243057250976562e+01,7.877938747406005859e+00
5.700000000000000000e+01,1.939094184139689503e+01,1.207000000000000028e+02,9.076875379093674923e+00,1.318621635437011719e+01,7.141466140747070312e+00
5.710000000000000142e+01,1.810942061354027999e+01,1.204000000000000057e+02,9.702410145415727882e+00,1.159241676330566406e+01,7.419235706329345703e+00
5.750000000000000000e+01,1.753608225702792112e+01,1.202000000000000028e+02,9.328650035651850914e+00,1.125506401062011719e+01,6.715915203094482422e+00
5.789999999999999858e+01,1.447352095604522404e+01,1.197999999999999972e+02,9.785646244028621155e+00,8.991060256958007812e+00,6.950054168701171875e+00
5.760000000000000142e+01,1.505890607156675998e+01,1.197999999999999972e+02,8.806319356728852910e+00,8.010015487670898438e+00,7.102172374725341797e+00
5.789999999999999858e+01,1.570487415419313493e+01,1.197999999999999972e+02,9.117014440822199361e+00,5.662670135498046875e+00,6.810703277587890625e+00
5.750000000000000000e+01,1.607040807468052535e+01,1.200999999999999943e+02,8.959691655162554724e+00,4.940538406372070312e+00,6.419482231140136719e+00
5.750000000000000000e+01,1.630261447928759466e+01,1.200999999999999943e+02,7.122507807813745373e+00,4.452419281005859375e+00,6.451308727264404297e+00
5.860000000000000142e+01,1.498723937192117717e+01,1.197000000000000028e+02,6.221987643539738322e+00,6.037101745605468750e+00,6.313064098358154297e+00
5.829999999999999716e+01,1.501389592110324678e+01,1.197999999999999972e+02,5.019691557172523133e+00,7.583303451538085938e+00,6.300106048583984375e+00
5.829999999999999716e+01,1.503700017728259652e+01,1.199000000000000057e+02,5.324452995660875487e+00,9.058332443237304688e+00,6.610603332519531250e+00
5.810000000000000142e+01,1.780026108182081757e+01,1.202000000000000028e+02,4.831094588576926974e+00,9.885892868041992188e+00,7.034444808959960938e+00
5.739999999999999858e+01,1.840273800990733832e+01,1.205000000000000000e+02,5.579470080272313837e+00,1.117852210998535156e+01,7.027842998504638672e+00
5.789999999999999858e+01,1.589016216715813812e+01,1.200999999999999943e+02,5.700584943117626757e+00,1.160761833190917969e+01,6.677803993225097656e+00
5.739999999999999858e+01,1.692176573054310040e+01,1.202999999999999972e+02,5.969625359136555787e+00,1.245516777038574219e+01,6.859276294708251953e+00
5.789999999999999858e+01,1.805350776308083027e+01,1.202999999999999972e+02,5.039635438760043051e+00,1.036358833312988281e+01,7.719876766204833984e+00
5.789999999999999858e+01,1.579450663282589318e+01,1.200999999999999943e+02,4.362003292619288430e+00,9.245510101318359375e+00,8.266301155090332031e+00
5.829999999999999716e+01,1.275804753591841312e+01,1.195999999999999943e+02,4.107836989902319047e+00,8.322849273681640625e+00,8.070454597473144531e+00
5.850000000000000000e+01,1.327761189402147934e+01,1.195000000000000000e+02,5.530092398078007676e+00,1.067537307739257812e+01,7.770447731018066406e+00
5.829999999999999716e+01,1.205263448389578329e+01,1.194000000000000057e+02,6.618310597642428128e+00,1.326047897338867188e+01,7.454936504364013672e+00
5.900000000000000000e+01,8.996014410134861805e+00,1.187000000000000028e+02,5.338156808092547223e+00,1.372400283813476562e+01,8.208148479461669922e+00
5.939999999999999858e+01,8.433495809424343292e+00,1.184000000000000057e+02,6.213568718153059223e+00,1.141516685485839844e+01,8.236215114593505859e+00
5.889999999999999858e+01,7.621799246009858919e+00,1.185999999999999943e+02,5.559032512364990630e+00,1.256647109985351562e+01,7.458243370056152344e+00
5.860000000000000142e+01,7.636710179823838374e+00,1.185999999999999943e+02,6.079032474933065977e+00,1.299384117126464844e+01,6.865830421447753906e+00
5.970000000000000284e+01,6.572089867605896529e+00,1.180999999999999943e+02,5.260810994504693028e+00,1.237480163574218750e+01,7.604560852050781250e+00
5.889999999999999858e+01,7.174629555198147379e+00,1.184000000000000057e+02,6.194232393653864577e+00,1.068937301635742188e+01,7.592785358428955078e+00
5.829999999999999716e+01,7.748188744308547093e+00,1.187000000000000028e+02,5.791861999708961761e+00,9.144983291625976562e+00,7.807717323303222656e+00
5.789999999999999858e+01,9.181688780241007208e+00,1.192000000000000028e+02,5.166286641841794314e+00,9.264078140258789062e+00,8.248796463012695312e+00
5.810000000000000142e+01,9.794198283912109559e+00,1.192000000000000028e+02,5.949476698443552536e+00,7.034168243408203125e+00,8.448014259338378906e+00
5.789999999999999858e+01,1.188215615581355067e+01,1.195999999999999943e+02,5.476435445907512189e+00,6.343526840209960938e+00,9.169950485229492188e+00
5.829999999999999716e+01,1.151295549720345690e+01,1.194000000000000057e+02,4.490024027919955252e+00,4.611625671386718750e+00,9.643793106079101562e+00
5.860000000000000142e+01,9.437287306627039740e+00,1.189000000000000057e+02,5.138018063228164678e+00,1.671838760375976562e+00,1.032460212707519531e+01
5.750000000000000000e+01,3.107132991243050313e+01,1.217999999999999972e+02,1.301244749245980259e+01,3.585260391235351562e+01,1.275226831436157227e+01
5.720000000000000284e+01,3.231426837806702679e+01,1.220999999999999943e+02,1.259932932012411122e+01,3.505015373229980469e+01,1.215785980224609375e+01
5.700000000000000000e+01,3.118589790844468013e+01,1.220000000000000000e+02,1.243704692744494622e+01,3.505940437316894531e+01,1.168834447860717773e+01
5.700000000000000000e+01,3.039471333102116901e+01,1.217999999999999972e+02,1.327827029744366349e+01,3.592206954956054688e+01,1.115966320037841797e+01
5.679999999999999716e+01,3.121852002814268090e+01,1.220999999999999943e+02,1.308980131212324949e+01,3.727150917053222656e+01,1.097578525543212891e+01
5.710000000000000142e+01,3.168274459591522074e+01,1.220000000000000000e+02,1.218472518142313987e+01,3.864153861999511719e+01,1.128291606903076172e+01
5.679999999999999716e+01,3.235011275510304785e+01,1.222000000000000028e+02,1.378248653980840288e+01,3.761011123657226562e+01,1.144460201263427734e+01
5.710000000000000142e+01,3.089811052649692158e+01,1.217999999999999972e+02,1.417702831379358130e+01,3.620496749877929688e+01,1.163390159606933594e+01
5.670000000000000284e+01,3.077751155599531074e+01,1.220000000000000000e+02,1.416967671002468521e+01,3.665129661560058594e+01,1.147149085998535156e+01
5.670000000000000284e+01,2.966490451932613936e+01,1.217999999999999972e+02,1.453030810609362788e+01,3.614354133605957031e+01,1.224570274353027344e+01
5.670000000000000284e+01,2.846569431175653975e+01,1.217999999999999972e+02,1.367433641709082615e+01,3.403586387634277344e+01,1.323433876037597656e+01
5.660000000000000142e+01,3.096913186494830228e+01,1.220999999999999943e+02,1.268454467375059913e+01,3.391592979431152344e+01,1.280446529388427734e+01
5.639999999999999858e+01,3.256303298202925589e+01,1.224000000000000057e+02,1.348047827717307179e+01,3.584851264953613281e+01,1.321318626403808594e+01
5.639999999999999858e+01,3.293171719433433964e+01,1.225000000000000000e+02,1.319166984305774548e+01,3.737948417663574219e+01,1.229766845703125000e+01
5.650000000000000000e+01,3.491073366102764197e+01,1.227999999999999972e+02,1.175651713642260354e+01,3.557435989379882812e+01,1.238605260848999023e+01
5.639999999999999858e+01,3.566302571527887011e+01,1.227999999999999972e+02,1.090882221772199046e+01,3.631582260131835938e+01,1.226845264434814453e+01
5.620000000000000284e+01,3.656900210114046246e+01,1.230000000000000000e+02,9.438411314830073451e+00,3.497991561889648438e+01,1.318498611450195312e+01
5.629999999999999716e+01,3.574281330908362264e+01,1.227999999999999972e+02,8.755865848299208665e+00,3.287569999694824219e+01,1.408208370208740234e+01
5.610000000000000142e+01,3.575733268256773556e+01,1.227999999999999972e+02,8.547915570357261572e+00,3.198116302490234375e+01,1.424024581909179688e+01
5.589999999999999858e+01,3.481000517000235561e+01,1.227999999999999972e+02,1.030265571832327964e+01,3.269713401794433594e+01,1.441542148590087891e+01
5.589999999999999858e+01,3.653105140369578407e+01,1.234000000000000057e+02,1.173559994276389418e+01,3.209311485290527344e+01,1.510678052902221680e+01
5.560000000000000142e+01,3.857959779031269676e+01,1.235999999999999943e+02,1.164080413776190426e+01,2.994566917419433594e+01,1.518959522247314453e+01
5.579999999999999716e+01,4.016152481005097741e+01,1.235999999999999943e+02,1.016408862797406165e+01,3.100384712219238281e+01,1.518820524215698242e+01
5.579999999999999716e+01,4.040116987865721399e+01,1.235999999999999943e+02,1.172692925517710449e+01,3.284399986267089844e+01,1.445219516754150391e+01
5.579999999999999716e+01,4.242578155582835109e+01,1.239000000000000057e+02,1.064605127365691395e+01,3.334713935852050781e+01,1.386155605316162109e+01
5.589999999999999858e+01,4.109910027250257514e+01,1.235999999999999943e+02,8.841413321713931239e+00,3.485509872436523438e+01,1.336214065551757812e+01
5.579999999999999716e+01,3.892421430432427343e+01,1.234000000000000057e+02,1.019382109792882218e+01,3.401919364929199219e+01,1.284438610076904297e+01
5.620000000000000284e+01,3.890526626177666714e+01,1.234000000000000057e+02,9.896435761542159426e+00,3.590141296386718750e+01,1.276887655258178711e+01
5.579999999999999716e+01,3.969789511942834537e+01,1.235999999999999943e+02,1.003596649180314770e+01,3.734793663024902344e+01,1.214911699295043945e+01
5.550000000000000000e+01,4.214617724442503999e+01,1.746999999999999886e+02,1.019499495412662604e+01,3.541581153869628906e+01,1.292434930801391602e+01
5.570000000000000284e+01,4.201597575574838572e+01,1.239000000000000057e+02,9.120264862796002348e+00,3.537104606628417969e+01,1.245541810989379883e+01
5.579999999999999716e+01,4.129751050772111398e+01,1.235999999999999943e+02,8.226648334512887573e+00,3.325350761413574219e+01,1.352363109588623047e+01
5.589999999999999858e+01,4.042627806310242988e+01,1.235999999999999943e+02,6.889005539312420545e+00,3.079739570617675781e+01,1.326123952865600586e+01
5.600000000000000000e+01,4.128713895583342719e+01,1.235999999999999943e+02,5.408771092196738905e+00,3.028118133544921875e+01,1.314639329910278320e+01
5.600000000000000000e+01,4.079910644404597519e+01,1.235999999999999943e+02,5.242267520117032120e+00,2.834411621093750000e+01,1.262250423431396484e+01
5.579999999999999716e+01,4.356623065419726970e+01,1.240000000000000000e+02,5.822249171125998046e+00,3.014224052429199219e+01,1.304556608200073242e+01
5.579999999999999716e+01,4.418282932467079860e+01,1.240999999999999943e+02,5.556438370828086448e+00,2.932398796081542969e+01,1.369480371475219727e+01
5.610000000000000142e+01,4.506083844838411068e+01,1.240000000000000000e+02,4.675665180684883460e+00,3.164731025695800781e+01,1.265828609466552734e+01
5.600000000000000000e+01,4.476880748955955625e+01,1.240000000000000000e+02,5.406861173146943145e+00,3.317471504211425781e+01,1.263699293136596680e+01
5.589999999999999858e+01,4.260194381866756430e+01,1.239000000000000057e+02,5.728937447060688193e+00,3.308863639831542969e+01,1.207278728485107422e+01
5.589999999999999858e+01,4.305007294136756713e+01,1.235999999999999943e+02,4.414976545285163922e+00,3.412619590759277344e+01,1.162190198898315430e+01
5.610000000000000142e+01,4.020188035601702126e+01,1.234000000000000057e+02,3.550462659895565753e+00,3.358273506164550781e+01,1.240661144256591797e+01
5.639999999999999858e+01,4.087788774835185990e+01,1.234000000000000057e+02,3.914369132063395096e+00,3.173635482788085938e+01,1.192902565002441406e+01
5.620000000000000284e+01,4.199548079400783962e+01,1.235999999999999943e+02,4.145201948064253017e+00,2.907997131347656250e+01,1.239713907241821289e+01
5.620000000000000284e+01,4.052350393355922620e+01,1.234000000000000057e+02,5.629246696304928577e+00,3.119083404541015625e+01,1.281742572784423828e+01
5.639999999999999858e+01,4.115628351500564719e+01,1.234000000000000057e+02,5.432302295720024432e+00,3.296591758728027344e+01,1.322112083435058594e+01
5.660000000000000142e+01,4.017705671548488056e+01,1.230999999999999943e+02,4.721263975971183413e+00,3.441644668579101562e+01,1.267172813415527344e+01
5.629999999999999716e+01,4.327485759606314275e+01,1.235999999999999943e+02,5.574377409767574676e+00,3.738231658935546875e+01,1.141701221466064453e+01
5.639999999999999858e+01,4.464749420761425824e+01,1.235999999999999943e+02,5.412964397824854501e+00,3.964982032775878906e+01,1.043364048004150391e+01
5.650000000000000000e+01,4.398231968056504115e+01,1.235999999999999943e+02,4.633181374112696815e+00,3.806553840637207031e+01,1.068941593170166016e+01
5.689999999999999858e+01,4.420045833943319735e+01,1.234000000000000057e+02,3.512025653173630246e+00,3.748444557189941406e+01,1.057440757751464844e+01
4.139999999999999858e+01,1.398687573190788314e+01,1.799000000000000057e+02,1.787225381291282389e+01,2.692258834838867188e+01,1.287853717803955078e+01
4.139999999999999858e+01,1.203146062777006797e+01,1.799000000000000057e+02,1.846893808569508266e+01,2.818092346191406250e+01,1.288799285888671875e+01
4.139999999999999858e+01,1.322365684500404726e+01,1.799000000000000057e+02,1.769716975178670282e+01,2.715869903564453125e+01,1.338725090026855469e+01
4.139999999999999858e+01,1.269155836179215413e+01,1.799000000000000057e+02,1.780603152266346001e+01,2.613778114318847656e+01,1.330757141113281250e+01
4.139999999999999858e+01,1.077364905597390354e+01,1.799000000000000057e+02,1.828416319354240116e+01,2.762143135070800781e+01,1.325342655181884766e+01
4.120000000000000284e+01,1.240871916914385409e+01,1.799000000000000057e+02,1.708103521155186399e+01,2.956067085266113281e+01,1.237055063247680664e+01
7.000000000000000000e+01,2.275748150190727159e+01,1.179000000000000057e+02,1.112753060279862538e+01,2.755350112915039062e+01,1.109811544418334961e+01
7.000000000000000000e+01,2.310549118201089414e+01,1.180999999999999943e+02,1.057216799273271590e+01,2.663701057434082031e+01,1.086398839950561523e+01
7.000000000000000000e+01,2.457015966108988536e+01,1.187000000000000028e+02,1.022368493930275335e+01,2.722597122192382812e+01,1.066724777221679688e+01
7.000000000000000000e+01,2.612318558910030220e+01,1.192000000000000028e+02,9.875405918362060831e+00,2.907290458679199219e+01,9.875342845916748047e+00
6.659999999999999432e+01,2.755125306922121098e+01,1.195000000000000000e+02,9.469539275307088388e+00,2.778158187866210938e+01,1.061841487884521484e+01
6.540000000000000568e+01,2.771742058367564709e+01,1.195000000000000000e+02,1.034311478046175736e+01,2.610611915588378906e+01,1.103691577911376953e+01
7.000000000000000000e+01,2.685411294182341635e+01,1.192999999999999972e+02,9.437513123692630401e+00,2.835413932800292969e+01,1.101654529571533203e+01
7.000000000000000000e+01,2.524891954070563216e+01,1.189000000000000057e+02,8.301978047896797719e+00,2.721629142761230469e+01,1.095534563064575195e+01
7.000000000000000000e+01,2.422674453876341616e+01,1.184000000000000057e+02,7.252005127384840932e+00,2.657182693481445312e+01,1.029913425445556641e+01
7.000000000000000000e+01,2.447959917817710718e+01,1.184000000000000057e+02,6.686675482455254560e+00,2.661610603332519531e+01,9.603002071380615234e+00
7.000000000000000000e+01,2.552243380631837866e+01,1.184000000000000057e+02,6.583462771924168955e+00,2.476254463195800781e+01,9.221563339233398438e+00
7.000000000000000000e+01,2.610891594266828264e+01,1.184000000000000057e+02,5.679017737688810463e+00,2.283307075500488281e+01,9.104309082031250000e+00
7.000000000000000000e+01,2.488381845444873974e+01,1.180999999999999943e+02,5.478194072581211493e+00,2.253952980041503906e+01,8.516871929168701172e+00
7.000000000000000000e+01,2.636921588353455093e+01,1.185999999999999943e+02,6.513816056957601575e+00,2.168671607971191406e+01,7.900407314300537109e+00
7.000000000000000000e+01,2.461209587800165366e+01,1.179000000000000057e+02,7.294419898894554777e+00,2.338678359985351562e+01,8.417830467224121094e+00
7.000000000000000000e+01,2.475668308475554724e+01,1.179000000000000057e+02,8.628492565513536050e+00,2.344810485839843750e+01,8.471028804779052734e+00
7.000000000000000000e+01,2.696307130266733765e+01,1.185999999999999943e+02,9.833452815315515849e+00,2.518507957458496094e+01,7.840332984924316406e+00
7.000000000000000000e+01,2.526948980436321435e+01,1.179000000000000057e+02,9.175556529509096393e+00,2.627912521362304688e+01,7.340850830078125000e+00
7.000000000000000000e+01,2.464263796534374507e+01,1.175000000000000000e+02,9.978607447547771514e+00,2.848274230957031250e+01,6.316626071929931641e+00
7.000000000000000000e+01,2.517732143203368622e+01,1.177999999999999972e+02,9.160900226512875832e+00,2.631537437438964844e+01,5.914516448974609375e+00
7.000000000000000000e+01,2.486066453551312350e+01,1.177999999999999972e+02,1.033035688317260714e+01,2.417426109313964844e+01,6.282300949096679688e+00
7.000000000000000000e+01,2.490981585725842962e+01,1.010000000000000000e+02,1.149117919038922686e+01,2.220568656921386719e+01,6.088624000549316406e+00
7.000000000000000000e+01,2.429171117177068240e+01,1.000999999999999943e+02,1.207162967318052793e+01,2.195704460144042969e+01,6.688134670257568359e+00
7.000000000000000000e+01,2.557357998034377999e+01,1.009000000000000057e+02,1.237845502949059906e+01,2.382529258728027344e+01,7.076075077056884766e+00
7.000000000000000000e+01,2.600423851077411896e+01,1.012000000000000028e+02,1.223103031311785927e+01,2.632153511047363281e+01,5.998361110687255859e+00
7.000000000000000000e+01,2.666829137588864285e+01,1.177999999999999972e+02,1.163690362791380650e+01,2.613412857055664062e+01,5.660977363586425781e+00
7.000000000000000000e+01,2.741470052277623282e+01,1.014000000000000057e+02,1.281140721128377002e+01,2.788308143615722656e+01,4.637711048126220703e+00
7.000000000000000000e+01,2.811792755803757871e+01,1.179000000000000057e+02,1.162325275683964776e+01,2.703069686889648438e+01,4.318475723266601562e+00
7.000000000000000000e+01,2.607015184394828466e+01,1.005000000000000000e+02,1.203302773869192421e+01,2.713009834289550781e+01,4.847993850708007812e+00
7.000000000000000000e+01,2.403801124908653364e+01,9.940000000000000568e+01,1.017202839976085293e+01,2.846177101135253906e+01,4.550838470458984375e+00
7.000000000000000000e+01,2.520325732696911203e+01,1.009000000000000057e+02,1.089332334076978448e+01,2.662163734436035156e+01,5.441324710845947266e+00
7.000000000000000000e+01,2.563411822276970753e+01,1.007999999999999972e+02,1.148228492546905777e+01,2.698894500732421875e+01,4.958398342132568359e+00
7.000000000000000000e+01,2.537576194134879159e+01,1.000000000000000000e+02,1.228657881826886111e+01,2.659165382385253906e+01,4.814012050628662109e+00
7.000000000000000000e+01,2.667291010534480833e+01,1.010000000000000000e+02,1.423196359846701498e+01,2.651147842407226562e+01,4.138879776000976562e+00
7.000000000000000000e+01,2.714273470925048315e+01,1.009000000000000057e+02,1.425406412346745455e+01,2.851580619812011719e+01,4.454414844512939453e+00
7.000000000000000000e+01,2.573520225834379715e+01,9.970000000000000284e+01,1.362023739849167470e+01,2.977589607238769531e+01,4.100396633148193359e+00
7.000000000000000000e+01,2.588207037332065852e+01,1.002999999999999972e+02,1.274336793977291293e+01,2.755725860595703125e+01,4.992756843566894531e+00
7.000000000000000000e+01,2.452198818080599807e+01,9.920000000000000284e+01,1.246629641199625205e+01,2.573531150817871094e+01,4.711885452270507812e+00
7.000000000000000000e+01,2.371291432155791057e+01,9.829999999999999716e+01,1.262720875108666085e+01,2.468039512634277344e+01,4.926147460937500000e+00
7.000000000000000000e+01,2.388909033542578797e+01,9.759999999999999432e+01,1.249317935425310289e+01,2.737742424011230469e+01,3.972718715667724609e+00
7.000000000000000000e+01,2.262403660752300993e+01,9.690000000000000568e+01,1.078369364137943442e+01,2.582106590270996094e+01,4.190344810485839844e+00
7.000000000000000000e+01,2.299132445594233687e+01,9.790000000000000568e+01,1.031343854307552022e+01,2.478945732116699219e+01,4.589407444000244141e+00
7.000000000000000000e+01,2.160956476701775486e+01,9.720000000000000284e+01,8.311686534240212865e+00,2.227622985839843750e+01,5.284905433654785156e+00
7.000000000000000000e+01,2.322864992045828103e+01,9.790000000000000568e+01,9.884095632923354913e+00,2.126126289367675781e+01,5.502896308898925781e+00
7.000000000000000000e+01,2.299591338305042498e+01,9.829999999999999716e+01,8.623982227733481665e+00,2.311316490173339844e+01,4.597511291503906250e+00
7.000000000000000000e+01,2.511689428935771673e+01,9.900000000000000000e+01,1.087555995130645670e+01,2.296223640441894531e+01,4.760413169860839844e+00
7.000000000000000000e+01,2.602190887351405024e+01,9.940000000000000568e+01,1.206660881220807369e+01,2.294599533081054688e+01,4.308557510375976562e+00
7.000000000000000000e+01,2.406168515332675639e+01,9.790000000000000568e+01,1.017504780109410412e+01,2.333221435546875000e+01,4.852745532989501953e+00
7.000000000000000000e+01,2.231048857816145414e+01,9.629999999999999716e+01,9.587266189653979254e+00,2.284142494201660156e+01,4.184722900390625000e+00
7.000000000000000000e+01,2.426207057504046105e+01,9.759999999999999432e+01,1.093565470392142558e+01,2.159365653991699219e+01,5.089311599731445312e+00
7.000000000000000000e+01,2.406917179780516136e+01,9.759999999999999432e+01,9.926572898393303035e+00,2.323122024536132812e+01,5.577831268310546875e+00
7.000000000000000000e+01,2.806083917541709383e+01,1.195999999999999943e+02,4.870056817562510076e+00,2.643432617187500000e+00,1.593177556991577148e+01
5.829999999999999716e+01,3.045452696703365092e+01,1.215000000000000000e+02,2.846855474150537191e+00,3.804684638977050781e+01,1.359380245208740234e+01
5.860000000000000142e+01,2.845512946138577348e+01,1.212999999999999972e+02,2.973741412190444411e+00,3.968621253967285156e+01,1.361287117004394531e+01
5.889999999999999858e+01,2.993574930156315617e+01,1.212999999999999972e+02,2.028210385807772909e+00,4.001274108886718750e+01,1.387445211410522461e+01
5.889999999999999858e+01,2.955263038359719374e+01,1.212999999999999972e+02,1.647797702445911172e+00,3.993625640869140625e+01,1.384923934936523438e+01
5.789999999999999858e+01,3.089632421236860438e+01,1.217999999999999972e+02,2.421092879531093534e+00,3.756173133850097656e+01,1.378422260284423828e+01
5.789999999999999858e+01,3.027989255978915395e+01,1.217999999999999972e+02,3.077177337637596821e+00,3.607231140136718750e+01,1.332534074783325195e+01
5.739999999999999858e+01,3.278607263007225470e+01,1.220999999999999943e+02,2.915707378463466171e+00,3.409782409667968750e+01,1.360705614089965820e+01
5.679999999999999716e+01,3.524528941163838880e+01,1.225000000000000000e+02,3.963089952218217249e+00,3.303135871887207031e+01,1.431699275970458984e+01
5.670000000000000284e+01,3.669713433244466216e+01,1.227999999999999972e+02,3.236331725795332126e+00,3.458277702331542969e+01,1.370324134826660156e+01
5.710000000000000142e+01,3.380804964855015271e+01,1.222000000000000028e+02,2.069348547289528106e+00,3.504366874694824219e+01,1.429426193237304688e+01
5.750000000000000000e+01,3.317957212730043892e+01,1.220999999999999943e+02,1.954809962194670625e+00,3.408238410949707031e+01,1.465286970138549805e+01
5.789999999999999858e+01,3.248110531303274229e+01,1.217999999999999972e+02,6.738128308796381694e-01,3.467448234558105469e+01,1.532932758331298828e+01
5.789999999999999858e+01,3.335555725784593761e+01,1.220000000000000000e+02,1.231372803436982855e+00,3.377547264099121094e+01,1.522324085235595703e+01
5.860000000000000142e+01,3.215728046443733490e+01,1.215999999999999943e+02,3.007399488323768133e-01,3.273339271545410156e+01,1.462204456329345703e+01
5.920000000000000284e+01,3.048459963284063079e+01,1.212999999999999972e+02,5.965290304124921672e-01,3.336018562316894531e+01,1.454990625381469727e+01
5.950000000000000000e+01,2.892061719897453642e+01,1.210999999999999943e+02,2.382524285547172049e-01,3.188383102416992188e+01,1.483617782592773438e+01
6.089999999999999858e+01,2.690000074982552292e+01,1.215999999999999943e+02,3.197617761236449998e-03,3.005789756774902344e+01,1.469987630844116211e+01
5.989999999999999858e+01,2.700096919533993756e+01,1.200000000000000000e+02,2.791060180119921737e-03,2.949459075927734375e+01,1.477831363677978516e+01
5.889999999999999858e+01,2.938385096150102882e+01,1.212999999999999972e+02,9.515783629034081370e-01,3.050787925720214844e+01,1.454154253005981445e+01
5.939999999999999858e+01,2.898936194000290456e+01,1.212000000000000028e+02,5.421173892114267145e-01,2.871138572692871094e+01,1.473127365112304688e+01
5.889999999999999858e+01,2.922534547436191232e+01,1.200000000000000000e+02,6.327287419296691133e-03,2.667872428894042969e+01,1.493903160095214844e+01
5.829999999999999716e+01,2.923409698370156207e+01,1.215000000000000000e+02,3.254792765635267093e-01,2.429383277893066406e+01,1.463521957397460938e+01
5.789999999999999858e+01,3.037273734589749097e+01,1.217999999999999972e+02,1.553751199199517652e+00,2.432427406311035156e+01,1.494765758514404297e+01
5.739999999999999858e+01,3.051881446603953663e+01,1.220000000000000000e+02,2.388617461242988682e+00,2.190232276916503906e+01,1.592045068740844727e+01
5.739999999999999858e+01,3.201824499534645696e+01,1.220999999999999943e+02,2.933145872253649422e+00,2.484824180603027344e+01,1.613230228424072266e+01
5.720000000000000284e+01,3.218619171786550481e+01,1.220999999999999943e+02,2.425888612289830437e+00,2.539734840393066406e+01,1.556944370269775391e+01
5.720000000000000284e+01,3.300079316440940858e+01,1.222000000000000028e+02,1.645792172494655814e+00,2.739865303039550781e+01,1.495316505432128906e+01
5.739999999999999858e+01,3.233308566345505142e+01,1.220999999999999943e+02,2.987012191468951805e+00,2.650967597961425781e+01,1.504039049148559570e+01
5.710000000000000142e+01,3.195084878346145629e+01,1.222000000000000028e+02,4.419514010783494484e+00,2.696990013122558594e+01,1.509248971939086914e+01
5.789999999999999858e+01,3.047400804363114446e+01,1.217999999999999972e+02,3.650310746085452251e+00,2.578936576843261719e+01,1.475385189056396484e+01
5.739999999999999858e+01,3.152582691210979249e+01,1.220000000000000000e+02,3.421202218927651195e+00,2.674596786499023438e+01,1.435625076293945312e+01
5.739999999999999858e+01,3.101905716359496878e+01,1.220000000000000000e+02,2.934592722017105970e+00,2.740345954895019531e+01,1.374580144882202148e+01
5.720000000000000284e+01,3.037043688524395435e+01,1.220000000000000000e+02,4.107848852400458384e+00,2.958600044250488281e+01,1.327653169631958008e+01
5.700000000000000000e+01,3.021418328316214286e+01,1.220000000000000000e+02,3.600596533865914495e+00,2.886899948120117188e+01,1.330323696136474609e+01
5.739999999999999858e+01,3.082419807345527119e+01,1.220000000000000000e+02,3.179034093989258736e+00,2.840104103088378906e+01,1.271133899688720703e+01
5.739999999999999858e+01,2.911818560033017178e+01,1.217999999999999972e+02,3.630625030484074145e+00,2.760910987854003906e+01,1.280341625213623047e+01
5.679999999999999716e+01,3.054791261469421570e+01,1.222000000000000028e+02,4.738092964162902376e+00,2.954232215881347656e+01,1.201296806335449219e+01
5.639999999999999858e+01,3.123223391278225591e+01,1.224000000000000057e+02,5.717746608531145469e+00,2.859210968017578125e+01,1.143338441848754883e+01
5.579999999999999716e+01,3.150020515249287811e+01,1.227999999999999972e+02,6.620682801240590720e+00,2.592099189758300781e+01,1.201345920562744141e+01
5.550000000000000000e+01,3.484034465869994790e+01,1.234000000000000057e+02,7.120142350199647474e+00,2.436735153198242188e+01,1.225770473480224609e+01
5.550000000000000000e+01,3.299201790942525037e+01,1.227999999999999972e+02,7.807949513644335759e+00,2.197985649108886719e+01,1.210047245025634766e+01
5.560000000000000142e+01,3.593192341467718620e+01,1.234000000000000057e+02,6.860543479243668585e+00,2.193236351013183594e+01,1.204016685485839844e+01
5.579999999999999716e+01,3.647976484576717837e+01,1.234000000000000057e+02,5.449813539821106723e+00,1.940944671630859375e+01,1.180602788925170898e+01
5.579999999999999716e+01,3.703570989611607445e+01,1.234000000000000057e+02,3.954052396467036434e+00,1.697246551513671875e+01,1.283619880676269531e+01
5.579999999999999716e+01,3.613568518925873718e+01,1.234000000000000057e+02,2.821015857620881917e+00,1.860782623291015625e+01,1.251225471496582031e+01
5.589999999999999858e+01,3.610385338633076913e+01,1.230999999999999943e+02,2.822833553479122237e+00,1.744184494018554688e+01,1.284777164459228516e+01
5.579999999999999716e+01,3.699884717362196085e+01,1.234000000000000057e+02,3.099342648239496345e+00,1.666543960571289062e+01,1.328884601593017578e+01
5.550000000000000000e+01,3.821352688793670893e+01,1.234000000000000057e+02,3.079033804846591504e+00,1.567893028259277344e+01,1.312602043151855469e+01
5.570000000000000284e+01,3.878908465932468630e+01,1.235000000000000000e+02,1.668470894183146092e+00,1.383893013000488281e+01,1.360078334808349609e+01
5.589999999999999858e+01,3.735963151121563897e+01,1.234000000000000057e+02,1.836422862520401766e+00,1.198390007019042969e+01,1.365508079528808594e+01
5.579999999999999716e+01,3.618134234711287434e+01,1.230999999999999943e+02,3.465982838611303407e+00,1.232136726379394531e+01,1.306869983673095703e+01
5.789999999999999858e+01,2.633040696759832144e+01,1.212999999999999972e+02,8.348012048470417668e+00,1.519612312316894531e+01,6.167845726013183594e+00
5.889999999999999858e+01,2.547582778141103788e+01,1.207999999999999972e+02,7.441660546089972073e+00,1.748418807983398438e+01,5.372896194458007812e+00
5.889999999999999858e+01,2.641235662515384064e+01,1.210999999999999943e+02,7.030877276441300339e+00,1.479156494140625000e+01,5.700950622558593750e+00
5.920000000000000284e+01,2.723408739444245086e+01,1.210999999999999943e+02,7.282430065554806653e+00,1.463124275207519531e+01,5.476059913635253906e+00
5.860000000000000142e+01,2.605458492093379164e+01,1.210000000000000000e+02,8.486394271738038952e+00,1.500857353210449219e+01,5.589518547058105469e+00
5.889999999999999858e+01,2.645069506469050680e+01,1.210000000000000000e+02,7.958323940775212435e+00,1.411045074462890625e+01,5.179901123046875000e+00
5.860000000000000142e+01,2.762136928461719521e+01,1.212999999999999972e+02,7.852040670845142678e+00,1.573678970336914062e+01,5.717062950134277344e+00
5.810000000000000142e+01,2.892492227103901570e+01,1.215999999999999943e+02,8.218697293656836322e+00,1.486340522766113281e+01,6.479990482330322266e+00
5.829999999999999716e+01,2.672836782568943903e+01,1.212999999999999972e+02,7.834888725696948164e+00,1.237812042236328125e+01,7.362804412841796875e+00
5.829999999999999716e+01,2.856765817998580559e+01,1.215000000000000000e+02,6.927031837779100698e+00,1.309900283813476562e+01,6.883029937744140625e+00
5.860000000000000142e+01,2.870058764864721113e+01,1.215000000000000000e+02,7.011110136110549007e+00,1.197504997253417969e+01,6.377260684967041016e+00
5.829999999999999716e+01,2.952465753102099910e+01,1.215999999999999943e+02,6.937889114771777166e+00,1.085954666137695312e+01,5.995562076568603516e+00
5.829999999999999716e+01,3.085873490181772638e+01,1.217999999999999972e+02,7.504710623890575860e+00,1.133869171142578125e+01,6.451721191406250000e+00
5.760000000000000142e+01,3.213551711314809722e+01,1.222000000000000028e+02,8.790672244240024469e+00,1.005401611328125000e+01,7.319924831390380859e+00
5.760000000000000142e+01,3.441643628936043342e+01,1.225000000000000000e+02,9.007275172613960379e+00,1.103970527648925781e+01,7.447822093963623047e+00
5.710000000000000142e+01,3.531322125064018280e+01,1.227999999999999972e+02,1.027080154987795169e+01,1.014114379882812500e+01,7.025556564331054688e+00
5.710000000000000142e+01,3.535284815168515848e+01,1.227999999999999972e+02,1.103555548807052133e+01,1.164054870605468750e+01,7.044446468353271484e+00
5.670000000000000284e+01,3.577074657599640517e+01,1.756999999999999886e+02,1.016799702407562300e+01,8.788862228393554688e+00,7.892317771911621094e+00
5.670000000000000284e+01,3.398260415588892869e+01,1.756999999999999886e+02,1.183800093071526049e+01,8.334808349609375000e+00,7.342331409454345703e+00
5.710000000000000142e+01,3.204026001727676487e+01,1.222000000000000028e+02,1.167544814370719308e+01,8.409042358398437500e+00,7.056601047515869141e+00
5.700000000000000000e+01,3.202360239015945353e+01,1.222000000000000028e+02,1.153712978066331019e+01,6.927223205566406250e+00,6.934108734130859375e+00
5.679999999999999716e+01,3.233297385705334648e+01,1.225000000000000000e+02,1.205451238956195503e+01,6.866645812988281250e+00,7.584869861602783203e+00
5.689999999999999858e+01,3.372069308886987926e+01,1.225000000000000000e+02,1.156549540867040093e+01,8.227977752685546875e+00,6.722664833068847656e+00
5.660000000000000142e+01,3.434618784572362671e+01,1.760999999999999943e+02,1.177749061198842284e+01,7.947912216186523438e+00,6.956658363342285156e+00
5.639999999999999858e+01,3.619013469101259517e+01,1.769000000000000057e+02,1.129742889049766319e+01,1.065877914428710938e+01,6.418275833129882812e+00
5.650000000000000000e+01,3.631472111887944720e+01,1.761999999999999886e+02,1.073376856172380300e+01,1.195833206176757812e+01,6.674876213073730469e+00
5.639999999999999858e+01,3.776122647307528979e+01,1.756999999999999886e+02,9.221781535892233705e+00,1.310532569885253906e+01,7.243478298187255859e+00
5.670000000000000284e+01,3.783751821460928966e+01,1.751999999999999886e+02,9.701884412591164519e+00,1.147993087768554688e+01,7.392165660858154297e+00
5.679999999999999716e+01,3.715078769351224253e+01,1.749000000000000057e+02,9.340268510607945274e+00,1.218077659606933594e+01,7.627143859863281250e+00
5.670000000000000284e+01,3.804239828691542868e+01,1.746999999999999886e+02,8.299449147866242882e+00,1.184502601623535156e+01,7.250790596008300781e+00
5.689999999999999858e+01,3.673387960452421908e+01,1.227999999999999972e+02,8.956427417694207804e+00,1.194766044616699219e+01,7.766180038452148438e+00
5.700000000000000000e+01,3.744176109158246391e+01,1.230000000000000000e+02,8.281756002204470946e+00,1.280873298645019531e+01,7.086694240570068359e+00
5.679999999999999716e+01,3.999590721111594149e+01,1.739000000000000057e+02,7.635068280771710292e+00,1.105062484741210938e+01,7.982726097106933594e+00
5.650000000000000000e+01,4.177019359882169169e+01,1.748000000000000114e+02,5.869211714757747167e+00,1.341387748718261719e+01,8.127250671386718750e+00
5.620000000000000284e+01,4.293597118374745492e+01,1.753000000000000114e+02,5.025199001262362408e+00,1.270991325378417969e+01,7.567110061645507812e+00
5.620000000000000284e+01,4.256364368295541567e+01,1.753000000000000114e+02,4.691277125429197170e+00,1.098463058471679688e+01,7.156212329864501953e+00
5.589999999999999858e+01,4.421190631086681577e+01,1.756999999999999886e+02,3.327036083500012786e+00,1.146977424621582031e+01,6.496663093566894531e+00
5.589999999999999858e+01,4.290440874182905162e+01,1.759000000000000057e+02,4.691284230879509742e+00,1.078609466552734375e+01,6.084067821502685547e+00
5.629999999999999716e+01,4.310744068443172239e+01,1.753000000000000114e+02,5.309347230471416879e+00,9.622173309326171875e+00,6.446404457092285156e+00
5.610000000000000142e+01,4.348394223915589407e+01,1.753000000000000114e+02,4.328521787817739330e+00,9.942874908447265625e+00,5.864808559417724609e+00
5.620000000000000284e+01,4.473718113026109222e+01,1.753000000000000114e+02,3.992909387066691629e+00,8.301906585693359375e+00,6.649000644683837891e+00
5.610000000000000142e+01,4.649413326398386914e+01,1.756999999999999886e+02,2.437233136103756248e+00,7.648773193359375000e+00,7.327239513397216797e+00
5.629999999999999716e+01,4.666844284183596159e+01,1.750000000000000000e+02,2.293085690601898818e+00,5.468578338623046875e+00,7.711021900177001953e+00
5.620000000000000284e+01,4.811338950352109123e+01,1.750000000000000000e+02,5.061096990228092229e-01,3.055753707885742188e+00,7.874922752380371094e+00
5.620000000000000284e+01,4.786852118126663669e+01,1.748000000000000114e+02,1.011559590812680876e+00,5.080623626708984375e+00,7.938036918640136719e+00
5.600000000000000000e+01,4.709292177436334725e+01,1.751999999999999886e+02,8.409174152421898807e-01,2.874565124511718750e+00,7.627737522125244141e+00
5.589999999999999858e+01,4.897839899029828814e+01,1.756999999999999886e+02,2.888912984362027592e-01,3.038129806518554688e+00,7.037951946258544922e+00
5.610000000000000142e+01,4.914688440365044642e+01,1.751999999999999886e+02,6.210767310902689520e-01,2.102613449096679688e+00,7.794177532196044922e+00
5.589999999999999858e+01,4.970416873267660662e+01,1.755000000000000000e+02,2.580278046551311936e-03,2.318363189697265625e+00,7.173099517822265625e+00
4.100000000000000000e+01,2.729485341918037733e+01,1.799000000000000057e+02,1.192863130511566716e+01,2.935219764709472656e+01,1.553033351898193359e+01
4.100000000000000000e+01,2.771124224977868167e+01,1.799000000000000057e+02,1.221969211986587567e+01,3.120409965515136719e+01,1.545861959457397461e+01
4.100000000000000000e+01,2.813371627814029807e+01,1.799000000000000057e+02,1.110800083645583136e+01,3.319907188415527344e+01,1.487574577331542969e+01
4.120000000000000284e+01,3.054203056642425196e+01,1.799000000000000057e+02,1.016025680465434533e+01,3.054385185241699219e+01,1.601686239242553711e+01
4.100000000000000000e+01,2.652701874998666298e+01,1.799000000000000057e+02,1.081521093987323923e+01,2.842476844787597656e+01,1.712455511093139648e+01
4.100000000000000000e+01,2.530032776940709383e+01,1.799000000000000057e+02,1.142684502034050631e+01,2.675499916076660156e+01,1.761775851249694824e+01
4.100000000000000000e+01,2.641870043619531572e+01,1.799000000000000057e+02,1.144917319686265600e+01,2.777829170227050781e+01,1.780252933502197266e+01
4.100000000000000000e+01,2.733753169107599490e+01,1.799000000000000057e+02,1.101555068827841488e+01,2.959289550781250000e+01,1.708551168441772461e+01
4.100000000000000000e+01,3.020755907626838166e+01,1.799000000000000057e+02,9.437775489833537534e+00,2.979427337646484375e+01,1.668832778930664062e+01
4.100000000000000000e+01,2.942255904041775949e+01,1.799000000000000057e+02,1.014303021521424242e+01,3.035304069519042969e+01,1.712195873260498047e+01
4.120000000000000284e+01,3.124776317413316917e+01,1.799000000000000057e+02,9.296555161333465378e+00,3.015553474426269531e+01,1.746249794960021973e+01
4.139999999999999858e+01,3.490628388621468758e+01,1.799000000000000057e+02,8.281374388592450231e+00,2.973665237426757812e+01,1.678489208221435547e+01
4.179999999999999716e+01,3.824010892540401585e+01,1.799000000000000057e+02,6.098162652031709818e+00,3.098111152648925781e+01,1.657280087471008301e+01
4.220000000000000284e+01,4.025053164187625043e+01,1.799000000000000057e+02,5.623911326759821527e+00,3.163309097290039062e+01,1.645808696746826172e+01
4.210000000000000142e+01,4.046658749682052303e+01,1.799000000000000057e+02,4.939252764328746714e+00,2.985621452331542969e+01,1.641761541366577148e+01
4.260000000000000142e+01,4.257176851588390321e+01,1.799000000000000057e+02,5.296775501372589900e+00,3.097592353820800781e+01,1.668844819068908691e+01
4.260000000000000142e+01,4.236206587876404228e+01,1.799000000000000057e+02,6.326633733005037286e+00,3.099413871765136719e+01,1.583242654800415039e+01
4.320000000000000284e+01,4.462513065181135374e+01,1.799000000000000057e+02,5.388186635481092779e+00,3.306801795959472656e+01,1.508222341537475586e+01
4.339999999999999858e+01,4.672609937233194444e+01,1.799000000000000057e+02,4.065054484499120768e+00,3.288434028625488281e+01,1.436459541320800781e+01
4.320000000000000284e+01,4.598157648270274223e+01,1.799000000000000057e+02,4.679349119793215550e+00,3.157217025756835938e+01,1.447452068328857422e+01
4.360000000000000142e+01,4.615619025009052478e+01,1.799000000000000057e+02,5.592833876456841047e+00,3.156590461730957031e+01,1.488695859909057617e+01
5.500000000000000000e+01,4.688247273629774270e+01,1.799000000000000057e+02,6.043646538377045019e+00,3.015824317932128906e+01,1.492163896560668945e+01
5.489999999999999858e+01,4.739559787377055500e+01,1.799000000000000057e+02,5.792323661839672511e+00,2.746880531311035156e+01,1.565716266632080078e+01
4.360000000000000142e+01,4.525804374142271769e+01,1.799000000000000057e+02,6.283700825420154068e+00,2.588643074035644531e+01,1.567242622375488281e+01
4.300000000000000000e+01,4.287675021404069753e+01,1.799000000000000057e+02,7.203051224011950637e+00,2.768565177917480469e+01,1.554551124572753906e+01
4.260000000000000142e+01,4.191869409049181172e+01,1.799000000000000057e+02,6.115796270951250335e+00,2.964062690734863281e+01,1.521515846252441406e+01
4.260000000000000142e+01,4.288164696889932515e+01,1.799000000000000057e+02,4.401742149783824942e+00,2.940033912658691406e+01,1.544721126556396484e+01
4.229999999999999716e+01,4.168653071266334109e+01,1.799000000000000057e+02,4.859807290472415886e+00,2.893633842468261719e+01,1.603265762329101562e+01
4.279999999999999716e+01,4.298132607919410475e+01,1.799000000000000057e+02,5.861159683375265494e+00,2.677020072937011719e+01,1.554904937744140625e+01
4.300000000000000000e+01,4.380511874875725908e+01,1.799000000000000057e+02,4.529794474948629635e+00,2.718601226806640625e+01,1.499072551727294922e+01
4.320000000000000284e+01,4.462090765742196652e+01,1.799000000000000057e+02,4.078098182972793140e+00,2.923781394958496094e+01,1.484067201614379883e+01
4.360000000000000142e+01,4.541007950032962270e+01,1.799000000000000057e+02,4.240863506827782459e+00,3.098188400268554688e+01,1.525145053863525391e+01
5.479999999999999716e+01,4.817641313044121887e+01,1.799000000000000057e+02,2.925612888160245895e+00,2.926150321960449219e+01,1.502237558364868164e+01
5.500000000000000000e+01,5.001463694385613223e+01,1.799000000000000057e+02,2.270299668063777698e+00,3.103091239929199219e+01,1.484309196472167969e+01
5.510000000000000142e+01,4.907642975938258445e+01,1.799000000000000057e+02,3.730536899892863190e+00,2.868445396423339844e+01,1.474985122680664062e+01
4.389999999999999858e+01,4.878314248953671495e+01,1.799000000000000057e+02,2.516636852995137730e+00,2.946161270141601562e+01,1.542398929595947266e+01
4.370000000000000284e+01,4.824173493147274883e+01,1.799000000000000057e+02,3.172954476555035264e+00,2.960070610046386719e+01,1.611576080322265625e+01
5.460000000000000142e+01,5.066510550014520220e+01,1.799000000000000057e+02,1.856348289494808013e+00,2.945311546325683594e+01,1.689651012420654297e+01
5.500000000000000000e+01,5.018690959992326839e+01,1.799000000000000057e+02,2.511494023871725823e+00,2.900918960571289062e+01,1.624265193939208984e+01
5.479999999999999716e+01,5.155938040871077988e+01,1.799000000000000057e+02,1.401020830443134635e+00,3.095273971557617188e+01,1.593148946762084961e+01
5.510000000000000142e+01,5.268826795327566259e+01,1.799000000000000057e+02,1.607529025306267068e+00,3.240701675415039062e+01,1.586099386215209961e+01
5.500000000000000000e+01,5.303178712110133119e+01,1.799000000000000057e+02,1.655763069416029465e+00,3.432332992553710938e+01,1.575112819671630859e+01
5.479999999999999716e+01,5.482469729505826450e+01,1.799000000000000057e+02,7.911910094288382433e-02,3.651412010192871094e+01,1.489070892333984375e+01
5.500000000000000000e+01,5.331678987254847613e+01,1.799000000000000057e+02,1.069754120253256779e-01,3.532232284545898438e+01,1.451978445053100586e+01
5.500000000000000000e+01,5.158902705429375857e+01,1.799000000000000057e+02,1.592351264929023458e+00,3.677487373352050781e+01,1.449938774108886719e+01
5.510000000000000142e+01,5.306956041060506379e+01,1.799000000000000057e+02,2.344443672329104070e-02,3.966078758239746094e+01,1.385752677917480469e+01
5.479999999999999716e+01,5.044276561904204215e+01,1.799000000000000057e+02,7.943974414131924622e-01,3.762701988220214844e+01,1.402584075927734375e+01
5.500000000000000000e+01,5.051544385729702213e+01,1.799000000000000057e+02,1.536658497974290105e+00,3.949215888977050781e+01,1.321975708007812500e+01
5.479999999999999716e+01,5.067729173811372334e+01,1.799000000000000057e+02,3.656480685528392671e-01,3.693940162658691406e+01,1.365327358245849609e+01
4.389999999999999858e+01,5.116311710151329351e+01,1.754000000000000057e+02,7.505205489459191096e-03,3.744219779968261719e+01,1.345506191253662109e+01
5.489999999999999858e+01,5.290168413960343941e+01,1.794000000000000057e+02,6.856511290298528951e-04,3.750467300415039062e+01,1.398461341857910156e+01
6.370000000000000284e+01,2.770341042163737200e+01,1.194000000000000057e+02,1.343831774392331013e+01,1.240091323852539062e+01,1.363918781280517578e+01
6.540000000000000568e+01,2.568885293694121330e+01,1.189000000000000057e+02,1.344778221478386371e+01,1.459965705871582031e+01,1.265974044799804688e+01
6.420000000000000284e+01,2.587175285656387302e+01,1.190000000000000000e+02,1.371912098884804720e+01,1.274261474609375000e+01,1.234288930892944336e+01
6.540000000000000568e+01,2.656379208404147363e+01,1.190000000000000000e+02,1.307422349786197380e+01,1.418287277221679688e+01,1.228620052337646484e+01
6.470000000000000284e+01,2.722549800557899147e+01,1.192000000000000028e+02,1.299097330991800625e+01,1.560636520385742188e+01,1.273376464843750000e+01
6.300000000000000000e+01,2.784037602592411176e+01,1.195999999999999943e+02,1.320867954722302429e+01,1.517390251159667969e+01,1.280928611755371094e+01
6.659999999999999432e+01,2.592409866096834037e+01,1.190000000000000000e+02,1.246730921495644573e+01,1.698238372802734375e+01,1.226590633392333984e+01
6.540000000000000568e+01,2.684537201513946769e+01,1.192999999999999972e+02,1.162928482044147493e+01,1.523066520690917969e+01,1.230571269989013672e+01
6.570000000000000284e+01,2.527218698027691701e+01,1.189000000000000057e+02,1.188229658171155734e+01,1.723278999328613281e+01,1.220594406127929688e+01
7.000000000000000000e+01,2.458546755618392154e+01,1.187000000000000028e+02,1.130272844481207173e+01,1.885254859924316406e+01,1.256970882415771484e+01
7.000000000000000000e+01,2.493160836391590252e+01,1.187000000000000028e+02,1.016994631397002458e+01,1.944172859191894531e+01,1.316224098205566406e+01
7.000000000000000000e+01,2.653763382597324139e+01,1.192000000000000028e+02,9.356935008293731926e+00,1.778926849365234375e+01,1.261728763580322266e+01
7.000000000000000000e+01,2.748351897185181514e+01,1.194000000000000057e+02,8.188922701446760044e+00,1.566956520080566406e+01,1.221531867980957031e+01
7.000000000000000000e+01,2.612346241508920741e+01,1.190999999999999943e+02,6.626243802900622981e+00,1.341418266296386719e+01,1.327574253082275391e+01
7.000000000000000000e+01,2.752017659777682113e+01,1.194000000000000057e+02,6.583653072126565142e+00,1.146647453308105469e+01,1.403862476348876953e+01
7.000000000000000000e+01,2.693409122978576065e+01,1.190999999999999943e+02,6.022106035949148506e+00,9.840316772460937500e+00,1.407384395599365234e+01
7.000000000000000000e+01,2.710358094454140598e+01,1.192000000000000028e+02,4.853319667291834172e+00,9.239454269409179688e+00,1.407850742340087891e+01
7.000000000000000000e+01,2.727272290917492370e+01,1.192999999999999972e+02,4.483586821514925269e+00,7.066440582275390625e+00,1.486548423767089844e+01
7.000000000000000000e+01,2.610669814893904928e+01,1.190000000000000000e+02,5.567685187099050026e+00,7.340030670166015625e+00,1.488862037658691406e+01
7.000000000000000000e+01,2.512550051910113780e+01,1.189000000000000057e+02,4.635234324289200458e+00,4.629373550415039062e+00,1.476917743682861328e+01
7.000000000000000000e+01,2.652034394462302203e+01,1.192999999999999972e+02,5.352106762031851872e+00,7.176780700683593750e+00,1.454265594482421875e+01
7.000000000000000000e+01,2.707523070103541585e+01,1.190999999999999943e+02,5.171505243552589448e+00,5.219707489013671875e+00,1.503010511398315430e+01
7.000000000000000000e+01,2.719182860366071708e+01,1.192000000000000028e+02,3.597380708093799839e+00,4.967079162597656250e+00,1.492354393005371094e+01
7.000000000000000000e+01,2.454612066823154137e+01,1.187000000000000028e+02,3.026454422716374992e+00,3.482666015625000000e+00,1.442875862121582031e+01
7.000000000000000000e+01,2.276081645659283836e+01,1.180999999999999943e+02,2.224250530769122935e+00,4.924955368041992188e+00,1.442598819732666016e+01
7.000000000000000000e+01,2.369985382731397294e+01,1.184000000000000057e+02,3.307437384169615857e+00,5.485315322875976562e+00,1.364472389221191406e+01
7.000000000000000000e+01,2.277173840643462910e+01,1.180999999999999943e+02,4.457537505092294516e+00,3.634357452392578125e+00,1.339875221252441406e+01
7.000000000000000000e+01,2.446614465431054342e+01,1.185999999999999943e+02,5.272998539124524875e+00,2.666435241699218750e+00,1.329850196838378906e+01
7.000000000000000000e+01,2.460723651750392449e+01,1.187000000000000028e+02,5.483787199523415978e+00,4.290046691894531250e+00,1.388622522354125977e+01
5.770000000000000284e+01,2.371800783371131516e+01,1.204000000000000057e+02,1.989272104923553286e+01,4.047479629516601562e+00,2.131494998931884766e+01
5.720000000000000284e+01,2.362367476255617760e+01,1.205999999999999943e+02,2.064831331052465302e+01,5.913610458374023438e+00,2.087536811828613281e+01
5.720000000000000284e+01,2.294382165338877044e+01,1.205000000000000000e+02,2.103060159266608764e+01,7.539815902709960938e+00,2.128394603729248047e+01
5.789999999999999858e+01,2.191289810714505037e+01,1.200999999999999943e+02,1.969071578723151106e+01,9.615077972412109375e+00,2.037014007568359375e+01
5.739999999999999858e+01,2.447792953056617193e+01,1.207000000000000028e+02,2.071627697108859678e+01,1.236220359802246094e+01,1.931957721710205078e+01
5.789999999999999858e+01,2.579824142262549103e+01,1.205999999999999943e+02,1.995181181222890388e+01,1.428315162658691406e+01,1.861382842063903809e+01
5.770000000000000284e+01,2.683352774555924469e+01,1.207999999999999972e+02,1.986429323614504483e+01,1.193758964538574219e+01,1.869780302047729492e+01
5.739999999999999858e+01,2.765129825554224041e+01,1.210999999999999943e+02,1.953986863559845943e+01,1.102142333984375000e+01,1.943318486213684082e+01
5.789999999999999858e+01,2.538036597039169351e+01,1.205000000000000000e+02,1.881450909770882873e+01,1.037466049194335938e+01,2.016744136810302734e+01
5.810000000000000142e+01,2.586380322153292965e+01,1.205999999999999943e+02,1.810168656219847705e+01,1.033045768737792969e+01,2.079044342041015625e+01
5.760000000000000142e+01,2.587718170318470712e+01,1.207000000000000028e+02,1.913958687304510775e+01,1.151827812194824219e+01,2.128064155578613281e+01
5.789999999999999858e+01,2.778741469029866096e+01,1.209000000000000057e+02,1.867464687977031090e+01,1.265094757080078125e+01,2.153249025344848633e+01
5.789999999999999858e+01,2.949621462775724368e+01,1.210999999999999943e+02,1.744867199075232378e+01,1.125657081604003906e+01,2.204196453094482422e+01
5.789999999999999858e+01,3.059549233199963325e+01,1.212999999999999972e+02,1.653171715343480841e+01,8.912057876586914062e+00,2.172186136245727539e+01
5.789999999999999858e+01,3.241960420276231503e+01,1.215999999999999943e+02,1.643745251844578803e+01,1.148669242858886719e+01,2.123660564422607422e+01
5.750000000000000000e+01,3.471008175537581053e+01,1.220000000000000000e+02,1.634708730084471284e+01,1.362928390502929688e+01,2.062464475631713867e+01
5.760000000000000142e+01,3.444442672154094964e+01,1.220000000000000000e+02,1.450398854157910300e+01,1.560395240783691406e+01,2.106709241867065430e+01
5.760000000000000142e+01,3.511591578960792503e+01,1.220999999999999943e+02,1.290512565696389125e+01,1.495160102844238281e+01,2.120878696441650391e+01
5.810000000000000142e+01,3.317928563450098522e+01,1.217000000000000028e+02,1.195154377869296525e+01,1.252202987670898438e+01,2.202965259552001953e+01
5.789999999999999858e+01,3.612069706700960836e+01,1.220999999999999943e+02,1.240564123927969220e+01,1.175784111022949219e+01,2.150553464889526367e+01
5.750000000000000000e+01,3.513078571429514341e+01,1.220000000000000000e+02,1.196347899600796971e+01,1.263474464416503906e+01,2.192425251007080078e+01
5.750000000000000000e+01,3.686479152383258651e+01,1.222000000000000028e+02,1.099996420016470644e+01,1.089007377624511719e+01,2.266673564910888672e+01
5.710000000000000142e+01,3.791466781071823533e+01,1.225000000000000000e+02,1.167500523648252297e+01,8.698091506958007812e+00,2.271278381347656250e+01
5.700000000000000000e+01,3.927089780356550364e+01,1.227999999999999972e+02,1.226158666716785106e+01,7.017259597778320312e+00,2.346553325653076172e+01
5.650000000000000000e+01,3.944144805419412592e+01,1.227999999999999972e+02,1.262494384768057643e+01,8.561153411865234375e+00,2.268503665924072266e+01
5.689999999999999858e+01,3.758633142555365225e+01,1.227999999999999972e+02,1.291113000972483960e+01,8.966846466064453125e+00,2.252408027648925781e+01
5.679999999999999716e+01,3.618006301026166227e+01,1.225000000000000000e+02,1.389382441208944563e+01,1.115985870361328125e+01,2.280378341674804688e+01
5.679999999999999716e+01,3.632245800196510288e+01,1.225000000000000000e+02,1.556821359581652509e+01,1.399320602416992188e+01,2.211462736129760742e+01
5.670000000000000284e+01,3.568790312914846652e+01,1.225000000000000000e+02,1.591742643429968673e+01,1.148512840270996094e+01,2.267239093780517578e+01
5.679999999999999716e+01,3.530627336583969367e+01,1.225000000000000000e+02,1.598246525722071709e+01,1.334428787231445312e+01,2.242393732070922852e+01
5.660000000000000142e+01,3.821389405651544280e+01,1.227999999999999972e+02,1.530860825016202398e+01,1.261135101318359375e+01,2.224520444869995117e+01
5.660000000000000142e+01,4.032447426297892434e+01,1.230000000000000000e+02,1.402966422920353828e+01,1.482511520385742188e+01,2.186954021453857422e+01
5.650000000000000000e+01,4.038492770874240989e+01,1.230999999999999943e+02,1.515806280496072844e+01,1.244044303894042969e+01,2.285909652709960938e+01
5.610000000000000142e+01,4.011192313854340341e+01,1.234000000000000057e+02,1.621522973356963604e+01,1.451527595520019531e+01,2.280745744705200195e+01
5.600000000000000000e+01,4.127382906531710205e+01,1.235999999999999943e+02,1.694836989926283977e+01,1.644866943359375000e+01,2.269570827484130859e+01
5.620000000000000284e+01,4.184177195095605839e+01,1.234000000000000057e+02,1.693114611074536668e+01,1.490567207336425781e+01,2.276664495468139648e+01
5.650000000000000000e+01,4.041213246206571341e+01,1.234000000000000057e+02,1.742762118521102011e+01,1.491445541381835938e+01,2.309111595153808594e+01
5.629999999999999716e+01,4.138219274192948660e+01,1.234000000000000057e+02,1.674344341983175966e+01,1.267495155334472656e+01,2.365460395812988281e+01
5.650000000000000000e+01,4.342580070479841936e+01,1.235999999999999943e+02,1.520116556756107862e+01,1.314496040344238281e+01,2.390512228012084961e+01
5.639999999999999858e+01,4.436401862838710031e+01,1.235999999999999943e+02,1.368343824659141994e+01,1.197816848754882812e+01,2.342833757400512695e+01
5.620000000000000284e+01,4.627257703187606808e+01,1.240000000000000000e+02,1.511204583485381114e+01,1.315759658813476562e+01,2.322146892547607422e+01
5.620000000000000284e+01,4.567738296840268220e+01,1.239000000000000057e+02,1.437257690845238045e+01,1.363078117370605469e+01,2.353137493133544922e+01
5.650000000000000000e+01,4.724082913702459052e+01,1.235999999999999943e+02,1.373977450207884132e+01,1.322899818420410156e+01,2.391156196594238281e+01
5.639999999999999858e+01,4.893107195731775505e+01,1.240999999999999943e+02,1.316265814514911625e+01,1.569114685058593750e+01,2.390640258789062500e+01
5.650000000000000000e+01,4.621210825231222685e+01,1.235999999999999943e+02,1.342023122455973549e+01,1.402277946472167969e+01,2.346631765365600586e+01
5.650000000000000000e+01,4.516335610036659176e+01,1.235999999999999943e+02,1.401261229463153413e+01,1.218847274780273438e+01,2.340290307998657227e+01
5.629999999999999716e+01,4.655066106822226857e+01,1.239000000000000057e+02,1.390385634820332683e+01,1.323678970336914062e+01,2.377267837524414062e+01
5.610000000000000142e+01,4.771849986558621026e+01,1.242000000000000028e+02,1.360026140400678685e+01,1.544349670410156250e+01,2.368702888488769531e+01
5.629999999999999716e+01,4.603257679012556025e+01,1.235999999999999943e+02,1.351262296022871290e+01,1.532715797424316406e+01,2.399864673614501953e+01
5.629999999999999716e+01,4.833950834527417584e+01,1.242000000000000028e+02,1.452772073004928188e+01,1.812657356262207031e+01,2.315047979354858398e+01
5.589999999999999858e+01,4.780390274635227854e+01,1.751999999999999886e+02,1.485250330215128400e+01,1.546895027160644531e+01,2.384235382080078125e+01
5.570000000000000284e+01,4.875522078893397548e+01,1.786999999999999886e+02,9.825623383266897548e+00,4.482127189636230469e+01,1.145335674285888672e+01
5.579999999999999716e+01,4.675579764646683145e+01,1.781999999999999886e+02,1.087036913527274962e+01,4.256242752075195312e+01,1.207066059112548828e+01
5.579999999999999716e+01,4.610167858816237185e+01,1.789000000000000057e+02,1.189011125027607108e+01,4.099949836730957031e+01,1.229357481002807617e+01
5.589999999999999858e+01,4.671111704287110911e+01,1.786999999999999886e+02,1.240556296750360232e+01,4.271187782287597656e+01,1.192481994628906250e+01
5.579999999999999716e+01,4.665630697746077260e+01,1.794000000000000057e+02,1.194441850742050626e+01,4.199013710021972656e+01,1.243888139724731445e+01
5.560000000000000142e+01,4.812739030679742314e+01,1.799000000000000057e+02,1.007362916543406683e+01,4.218453407287597656e+01,1.213983535766601562e+01
5.560000000000000142e+01,4.777560586206235627e+01,1.799000000000000057e+02,9.870628634660445044e+00,4.328421592712402344e+01,1.189558744430541992e+01
5.579999999999999716e+01,4.693918451855026319e+01,1.799000000000000057e+02,1.147660023839612364e+01,4.178600311279296875e+01,1.240935325622558594e+01
5.589999999999999858e+01,4.874023660171061323e+01,1.799000000000000057e+02,9.888098812989221997e+00,4.399501800537109375e+01,1.180815219879150391e+01
5.589999999999999858e+01,4.741515732821788021e+01,1.799000000000000057e+02,1.098719721889017720e+01,4.375565528869628906e+01,1.245409965515136719e+01
5.589999999999999858e+01,4.661994997978453625e+01,1.795999999999999943e+02,1.176779646316072814e+01,4.366074562072753906e+01,1.251661062240600586e+01
5.610000000000000142e+01,4.898925378862486468e+01,1.790999999999999943e+02,1.088421303680989283e+01,4.381844520568847656e+01,1.309203147888183594e+01
5.610000000000000142e+01,5.258785242012643835e+01,1.790999999999999943e+02,8.903375789933200224e+00,4.276000976562500000e+01,1.371821880340576172e+01
5.589999999999999858e+01,5.343272297867680720e+01,1.795999999999999943e+02,8.191665752404599488e+00,4.186738014221191406e+01,1.424176692962646484e+01
5.579999999999999716e+01,5.457871387164404098e+01,1.799000000000000057e+02,6.156971486527474724e+00,4.407113075256347656e+01,1.430006980895996094e+01
5.579999999999999716e+01,5.489123064734337731e+01,1.799000000000000057e+02,6.838971055755190598e+00,4.338276863098144531e+01,1.412312507629394531e+01
5.610000000000000142e+01,5.585790302454949341e+01,1.794000000000000057e+02,7.722927557217732719e+00,4.302840232849121094e+01,1.358068466186523438e+01
5.600000000000000000e+01,5.699230124697251654e+01,1.799000000000000057e+02,6.490769365551230408e+00,4.202026367187500000e+01,1.287187814712524414e+01
5.600000000000000000e+01,5.687828182883236394e+01,1.799000000000000057e+02,6.629660825841259708e+00,3.996571540832519531e+01,1.305832624435424805e+01
5.600000000000000000e+01,5.621472162412345597e+01,1.799000000000000057e+02,7.505127920747875159e+00,4.075615882873535156e+01,1.254556179046630859e+01
5.600000000000000000e+01,5.896046435833328303e+01,1.799000000000000057e+02,5.374318848237967572e+00,4.239355087280273438e+01,1.240366935729980469e+01
5.610000000000000142e+01,5.807404859513816575e+01,1.799000000000000057e+02,5.951043785769027927e+00,4.302006721496582031e+01,1.250537395477294922e+01
5.600000000000000000e+01,5.857222407805011244e+01,1.799000000000000057e+02,4.875430222080398224e+00,4.053351402282714844e+01,1.255867481231689453e+01
5.600000000000000000e+01,5.820847153695791576e+01,1.799000000000000057e+02,5.850978210859355322e+00,4.128588676452636719e+01,1.249245166778564453e+01
5.589999999999999858e+01,5.924924383976375708e+01,1.799000000000000057e+02,4.613834777034952594e+00,3.918876647949218750e+01,1.290712833404541016e+01
5.600000000000000000e+01,5.981509702770202352e+01,1.799000000000000057e+02,5.478952428580795342e+00,3.775574684143066406e+01,1.373157024383544922e+01
5.589999999999999858e+01,6.026058885319211811e+01,1.799000000000000057e+02,5.219767131062848620e+00,4.024584770202636719e+01,1.391877889633178711e+01
5.589999999999999858e+01,6.147089529496205529e+01,1.799000000000000057e+02,4.365731739144081303e+00,4.187685966491699219e+01,1.388518333435058594e+01
5.589999999999999858e+01,6.265943660272591842e+01,1.799000000000000057e+02,3.339984546850980340e+00,3.963432312011718750e+01,1.354169368743896484e+01
5.579999999999999716e+01,6.244909671174016808e+01,1.799000000000000057e+02,2.991167494487871004e+00,4.038408279418945312e+01,1.301392078399658203e+01
5.579999999999999716e+01,6.080684859282385446e+01,1.799000000000000057e+02,4.905796057976776758e+00,4.208920478820800781e+01,1.258049011230468750e+01
5.589999999999999858e+01,5.909151634325938574e+01,1.799000000000000057e+02,6.374247635666190348e+00,4.052215576171875000e+01,1.296445369720458984e+01
5.589999999999999858e+01,5.916465675832556315e+01,1.799000000000000057e+02,7.205803912773831144e+00,3.994204521179199219e+01,1.342226982116699219e+01
5.579999999999999716e+01,5.843179929734490941e+01,1.799000000000000057e+02,7.365455710466734196e+00,4.109130859375000000e+01,1.274538040161132812e+01
5.579999999999999716e+01,5.881404412502479317e+01,1.799000000000000057e+02,7.111714822927986290e+00,3.997771263122558594e+01,1.359256505966186523e+01
5.600000000000000000e+01,5.777621414594825211e+01,1.799000000000000057e+02,7.941928713518121796e+00,4.228908538818359375e+01,1.309576034545898438e+01
5.589999999999999858e+01,6.052251982551445053e+01,1.799000000000000057e+02,6.448393922447412940e+00,4.002255439758300781e+01,1.282402992248535156e+01
5.589999999999999858e+01,6.237017713594447343e+01,1.799000000000000057e+02,5.297122926248314378e+00,3.725327491760253906e+01,1.361917018890380859e+01
5.589999999999999858e+01,5.971157235880029646e+01,1.799000000000000057e+02,7.247309015427218171e+00,3.739970207214355469e+01,1.364960670471191406e+01
5.600000000000000000e+01,6.166703857333771310e+01,1.799000000000000057e+02,6.507991365005453055e+00,3.856967926025390625e+01,1.269385576248168945e+01
5.589999999999999858e+01,6.117586388346875736e+01,1.799000000000000057e+02,5.627119389141435057e+00,4.064445495605468750e+01,1.323344707489013672e+01
5.589999999999999858e+01,6.065249506567067073e+01,1.799000000000000057e+02,6.378927449780874781e+00,4.178397178649902344e+01,1.292284965515136719e+01
5.589999999999999858e+01,5.975143928024117201e+01,1.799000000000000057e+02,7.781388151967019162e+00,3.955996513366699219e+01,1.313774347305297852e+01
5.600000000000000000e+01,6.024806270962830723e+01,1.799000000000000057e+02,8.324647172003020401e+00,3.971560478210449219e+01,1.327047348022460938e+01
5.610000000000000142e+01,5.764174429777862940e+01,1.799000000000000057e+02,1.043693875133771698e+01,3.860089302062988281e+01,1.390599966049194336e+01
5.620000000000000284e+01,5.753512521689678749e+01,1.799000000000000057e+02,1.112330872688497507e+01,3.830301284790039062e+01,1.444327116012573242e+01
5.610000000000000142e+01,5.931364789788149494e+01,1.799000000000000057e+02,9.538439277158033747e+00,3.880230903625488281e+01,1.482242107391357422e+01
5.620000000000000284e+01,5.708872825109303051e+01,1.799000000000000057e+02,1.084856829804793144e+01,3.730944633483886719e+01,1.493668079376220703e+01
5.600000000000000000e+01,5.996566684628075450e+01,1.799000000000000057e+02,9.055031953198696471e+00,3.570252418518066406e+01,1.496188640594482422e+01
5.600000000000000000e+01,6.219141503229007384e+01,1.799000000000000057e+02,7.293430267662738054e+00,3.363588333129882812e+01,1.512645006179809570e+01
5.589999999999999858e+01,6.105828170621598616e+01,1.799000000000000057e+02,7.581106259378744383e+00,3.578728675842285156e+01,1.453150272369384766e+01
6.300000000000000000e+01,9.119377475043608072e+00,1.170999999999999943e+02,6.513666325384753542e+00,3.742302894592285156e+01,1.676226019859313965e+01
6.229999999999999716e+01,9.819589683789342160e+00,1.170999999999999943e+02,7.924539603149459488e+00,3.755268096923828125e+01,1.706047892570495605e+01
6.150000000000000000e+01,1.187905796272078085e+01,1.177999999999999972e+02,8.370449662678993263e+00,3.541846275329589844e+01,1.718991041183471680e+01
6.150000000000000000e+01,1.226331216669264634e+01,1.180999999999999943e+02,8.034118369960102868e+00,3.548550605773925781e+01,1.784821033477783203e+01
6.150000000000000000e+01,1.234684179604911236e+01,1.180999999999999943e+02,6.476215346891192048e+00,3.549839019775390625e+01,1.824348449707031250e+01
6.089999999999999858e+01,1.144450163600723513e+01,1.182000000000000028e+02,6.090703181358666285e+00,3.580945968627929688e+01,1.797689676284790039e+01
6.150000000000000000e+01,1.131311614479399452e+01,1.180999999999999943e+02,4.737177010980005321e+00,3.663564682006835938e+01,1.811860203742980957e+01
6.229999999999999716e+01,1.107557412234387328e+01,1.180999999999999943e+02,3.491233734555657442e+00,3.498741149902343750e+01,1.795285940170288086e+01
4.360000000000000142e+01,3.993643695301377505e+01,1.799000000000000057e+02,1.541317770582755386e+01,4.654006958007812500e+01,1.567965984344482422e+01
4.329999999999999716e+01,4.140163076070432879e+01,1.799000000000000057e+02,1.404600243038480123e+01,4.517598152160644531e+01,1.586523532867431641e+01
4.320000000000000284e+01,4.082371629843894567e+01,1.799000000000000057e+02,1.401499466170942299e+01,4.406616210937500000e+01,1.629232883453369141e+01
4.300000000000000000e+01,4.056808827828276520e+01,1.799000000000000057e+02,1.433463703206107986e+01,4.285628318786621094e+01,1.667659163475036621e+01
4.260000000000000142e+01,3.922057770831272450e+01,1.799000000000000057e+02,1.345465826235530393e+01,4.217408180236816406e+01,1.754851460456848145e+01
4.260000000000000142e+01,3.954007751832194373e+01,1.799000000000000057e+02,1.340323345593966486e+01,4.318504333496093750e+01,1.765344858169555664e+01
4.260000000000000142e+01,3.862918489304529857e+01,1.799000000000000057e+02,1.337486301242217301e+01,4.129380226135253906e+01,1.714509487152099609e+01
4.260000000000000142e+01,3.949854660036579190e+01,1.799000000000000057e+02,1.232948126229155328e+01,3.861705780029296875e+01,1.762968778610229492e+01
4.260000000000000142e+01,4.058998626297794488e+01,1.799000000000000057e+02,1.158522084047915968e+01,3.747301101684570312e+01,1.702720880508422852e+01
4.229999999999999716e+01,3.940952310843409379e+01,1.799000000000000057e+02,1.079262483020384877e+01,3.565947532653808594e+01,1.750702619552612305e+01
4.229999999999999716e+01,3.946537115756603242e+01,1.799000000000000057e+02,1.128401719334314812e+01,3.352696418762207031e+01,1.835163950920104980e+01
4.200000000000000000e+01,3.735556004855911283e+01,1.799000000000000057e+02,1.152226247466655984e+01,3.303120613098144531e+01,1.788975477218627930e+01
4.189999999999999858e+01,3.742813462736415886e+01,1.799000000000000057e+02,1.017314893365432837e+01,3.023462295532226562e+01,1.876412391662597656e+01
4.220000000000000284e+01,3.790986736767644061e+01,1.799000000000000057e+02,1.119247796103662651e+01,3.281291007995605469e+01,1.864452958106994629e+01
4.179999999999999716e+01,3.572250389502438850e+01,1.799000000000000057e+02,1.085719014795723680e+01,3.342322349548339844e+01,1.887305974960327148e+01
4.160000000000000142e+01,3.359895723940628187e+01,1.799000000000000057e+02,1.182762326352492011e+01,3.424946784973144531e+01,1.876341104507446289e+01
4.150000000000000000e+01,3.489542303395266742e+01,1.799000000000000057e+02,1.065370147829714753e+01,3.655642509460449219e+01,1.921204328536987305e+01
4.179999999999999716e+01,3.732911007299927775e+01,1.799000000000000057e+02,9.664009265693561446e+00,3.773301124572753906e+01,1.970705270767211914e+01
4.189999999999999858e+01,3.814599884247300565e+01,1.799000000000000057e+02,9.282297085615505594e+00,4.032591819763183594e+01,1.979258894920349121e+01
4.189999999999999858e+01,3.818075417865180299e+01,1.799000000000000057e+02,9.431588395213021059e+00,3.992171287536621094e+01,2.023582220077514648e+01
4.160000000000000142e+01,3.838865877931834092e+01,1.799000000000000057e+02,8.266489013071874226e+00,3.744415283203125000e+01,2.075113534927368164e+01
4.179999999999999716e+01,4.113676407731628615e+01,1.799000000000000057e+02,6.803137894414270193e+00,3.917569160461425781e+01,2.128029346466064453e+01
4.189999999999999858e+01,4.229566640459184157e+01,1.799000000000000057e+02,6.916005758197231401e+00,3.920985221862792969e+01,2.093498706817626953e+01
4.179999999999999716e+01,4.140261544224046730e+01,1.799000000000000057e+02,7.754328861678919438e+00,3.729351997375488281e+01,2.162553787231445312e+01
4.220000000000000284e+01,4.095994423144369989e+01,1.799000000000000057e+02,9.868017917265998307e+00,3.898968696594238281e+01,2.167653083801269531e+01
4.200000000000000000e+01,3.862446182411781592e+01,1.799000000000000057e+02,1.134449275445383698e+01,3.748512268066406250e+01,2.269772768020629883e+01
4.200000000000000000e+01,3.974242379970154815e+01,1.799000000000000057e+02,1.039226103464480566e+01,3.992128372192382812e+01,2.300848007202148438e+01
4.200000000000000000e+01,4.124199094587257974e+01,1.799000000000000057e+02,8.451167896488913200e+00,3.865655899047851562e+01,2.267920732498168945e+01
4.189999999999999858e+01,4.371759032631178599e+01,1.799000000000000057e+02,6.850204373641476607e+00,3.969334602355957031e+01,2.175783157348632812e+01
4.200000000000000000e+01,4.752595538022848132e+01,1.799000000000000057e+02,4.875739969892411096e+00,4.160634040832519531e+01,2.083827495574951172e+01
4.189999999999999858e+01,4.590649404743118822e+01,1.799000000000000057e+02,5.134409934909657025e+00,4.218574523925781250e+01,2.097713708877563477e+01
4.160000000000000142e+01,4.514756963526397726e+01,1.799000000000000057e+02,4.010163477033620083e+00,4.335900306701660156e+01,2.127395153045654297e+01
4.200000000000000000e+01,4.763623196316638087e+01,1.799000000000000057e+02,3.499614455228473808e+00,4.221484184265136719e+01,2.200117349624633789e+01
4.200000000000000000e+01,4.787327685102695085e+01,1.799000000000000057e+02,3.801261312635198397e+00,4.337021827697753906e+01,2.238472700119018555e+01
4.229999999999999716e+01,4.950936026686824931e+01,1.799000000000000057e+02,4.304626998385971071e+00,4.235762596130371094e+01,2.308562278747558594e+01
4.200000000000000000e+01,4.685695805235407363e+01,1.799000000000000057e+02,6.135187540973115361e+00,4.184459686279296875e+01,2.278087377548217773e+01
4.170000000000000284e+01,4.357947101978967908e+01,1.799000000000000057e+02,6.573087416301792274e+00,4.175793647766113281e+01,2.331126928329467773e+01
4.179999999999999716e+01,4.739894097747377799e+01,1.799000000000000057e+02,4.503273345190835997e+00,4.435024261474609375e+01,2.251747846603393555e+01
4.200000000000000000e+01,4.940368590330515985e+01,1.799000000000000057e+02,2.545056381366739284e+00,4.436176300048828125e+01,2.246572256088256836e+01
4.200000000000000000e+01,4.994278005641859153e+01,1.799000000000000057e+02,2.832316242399396167e+00,4.647830963134765625e+01,2.184536933898925781e+01
4.200000000000000000e+01,4.963989817136221916e+01,1.799000000000000057e+02,1.731793199491596047e+00,4.374087333679199219e+01,2.214806079864501953e+01
4.220000000000000284e+01,5.161799581068862608e+01,1.799000000000000057e+02,1.456460730942982007e+00,4.411645889282226562e+01,2.191071510314941406e+01
4.220000000000000284e+01,5.335937055479836033e+01,1.799000000000000057e+02,5.831565172547525933e-01,4.426287651062011719e+01,2.211543083190917969e+01
4.229999999999999716e+01,5.496048578930405881e+01,1.799000000000000057e+02,2.946211092312517876e-01,4.487051963806152344e+01,2.157990694046020508e+01
5.589999999999999858e+01,3.172359944096974260e+01,1.799000000000000057e+02,1.843945967525663576e+01,1.814026832580566406e+01,6.052458286285400391e+00
5.620000000000000284e+01,3.186197889159327445e+01,1.799000000000000057e+02,1.937508857698715303e+01,1.743194580078125000e+01,6.186842918395996094e+00
5.629999999999999716e+01,3.128571563159846391e+01,1.799000000000000057e+02,2.073655479639839072e+01,1.880267143249511719e+01,5.852203369140625000e+00
5.589999999999999858e+01,3.284685891864348406e+01,1.799000000000000057e+02,1.924558434010555175e+01,1.969101905822753906e+01,5.233638286590576172e+00
5.629999999999999716e+01,3.189417904768722778e+01,1.799000000000000057e+02,2.119617859113319724e+01,1.863341331481933594e+01,4.964892864227294922e+00
5.629999999999999716e+01,3.136019872620280324e+01,1.799000000000000057e+02,2.134685690919575052e+01,1.849012374877929688e+01,5.174233913421630859e+00
5.670000000000000284e+01,3.285338349277237313e+01,1.799000000000000057e+02,2.122180897097156560e+01,1.693061828613281250e+01,4.628334045410156250e+00
5.689999999999999858e+01,3.234542052877410612e+01,1.799000000000000057e+02,2.223547820532062502e+01,1.686839103698730469e+01,4.978396892547607422e+00
5.739999999999999858e+01,3.293151328032954694e+01,1.790999999999999943e+02,2.297791964276157728e+01,1.674437522888183594e+01,4.974594116210937500e+00
5.789999999999999858e+01,3.219165817558854314e+01,1.212999999999999972e+02,2.313660322143839210e+01,1.812407493591308594e+01,4.366614818572998047e+00
5.789999999999999858e+01,3.255087688990975892e+01,1.212999999999999972e+02,2.331214175571824399e+01,1.689721107482910156e+01,4.161915779113769531e+00
5.760000000000000142e+01,3.359749138137978974e+01,1.795999999999999943e+02,2.306008366853409797e+01,1.941336631774902344e+01,3.411986827850341797e+00
5.829999999999999716e+01,3.267975622155287851e+01,1.212000000000000028e+02,2.390843098622175944e+01,2.115410804748535156e+01,2.647595405578613281e+00
5.760000000000000142e+01,3.364504878636587648e+01,1.799000000000000057e+02,2.348983280269234442e+01,2.148486137390136719e+01,2.711834907531738281e+00
5.750000000000000000e+01,3.166881539311991389e+01,1.799000000000000057e+02,2.535397230536210600e+01,2.220743179321289062e+01,2.617449760437011719e+00
5.700000000000000000e+01,3.181358453626264904e+01,1.799000000000000057e+02,2.349765701854245137e+01,1.955572128295898438e+01,2.712297439575195312e+00
5.650000000000000000e+01,3.259454242297569948e+01,1.799000000000000057e+02,2.177588000196933748e+01,2.111219406127929688e+01,1.923503875732421875e+00
5.689999999999999858e+01,3.237419578796539810e+01,1.799000000000000057e+02,2.286482945576146619e+01,2.290566444396972656e+01,1.168670654296875000e+00
5.750000000000000000e+01,3.119615585286407011e+01,1.799000000000000057e+02,2.376819778364312441e+01,2.326532363891601562e+01,7.949995994567871094e-01
5.750000000000000000e+01,3.145768140053832695e+01,1.799000000000000057e+02,2.363025989647319491e+01,2.573563575744628906e+01,0.000000000000000000e+00
5.739999999999999858e+01,3.372528832264450926e+01,1.799000000000000057e+02,2.168206854717708154e+01,2.799301147460937500e+01,0.000000000000000000e+00
5.739999999999999858e+01,3.158297378461474381e+01,1.799000000000000057e+02,2.260107847618689192e+01,2.652634620666503906e+01,0.000000000000000000e+00
5.739999999999999858e+01,3.238222610547490632e+01,1.799000000000000057e+02,2.279278951922011487e+01,2.537467956542968750e+01,1.914644241333007812e-01
5.710000000000000142e+01,3.358321781233156855e+01,1.799000000000000057e+02,2.119534882059519276e+01,2.699316978454589844e+01,6.474924087524414062e-01
5.739999999999999858e+01,3.201872475707781263e+01,1.799000000000000057e+02,2.196467550530820745e+01,2.421998023986816406e+01,8.052730560302734375e-01
5.729999999999999716e+01,3.041445453272823585e+01,1.799000000000000057e+02,2.313952547847682695e+01,2.455718040466308594e+01,3.236031532287597656e-01
5.679999999999999716e+01,3.021166042765155524e+01,1.799000000000000057e+02,2.200419844310571804e+01,2.358561515808105469e+01,6.274271011352539062e-01
5.700000000000000000e+01,3.212567052481687568e+01,1.799000000000000057e+02,2.131603902024991726e+01,2.556092262268066406e+01,6.893396377563476562e-01
5.650000000000000000e+01,3.550449817772894079e+01,1.799000000000000057e+02,1.922126734887969590e+01,2.736772537231445312e+01,3.699827194213867188e-01
5.629999999999999716e+01,3.352036247703905758e+01,1.799000000000000057e+02,2.004827751803327374e+01,2.910586357116699219e+01,9.328126907348632812e-01
5.639999999999999858e+01,3.168424926328713553e+01,1.799000000000000057e+02,2.088759641274346990e+01,3.121455192565917969e+01,2.950167655944824219e-01
5.660000000000000142e+01,3.173477795742011409e+01,1.799000000000000057e+02,2.178245733285468333e+01,3.155835151672363281e+01,3.107643127441406250e-01
5.670000000000000284e+01,3.096787746580201528e+01,1.799000000000000057e+02,2.235092974394244791e+01,3.138745307922363281e+01,0.000000000000000000e+00
5.639999999999999858e+01,3.029422727512182334e+01,1.799000000000000057e+02,2.225858732712202581e+01,3.085408210754394531e+01,0.000000000000000000e+00
5.679999999999999716e+01,3.100834398399991443e+01,1.799000000000000057e+02,2.288058633440583023e+01,2.856119155883789062e+01,0.000000000000000000e+00
5.629999999999999716e+01,3.329160822501408745e+01,1.799000000000000057e+02,2.102139354449936803e+01,3.008954048156738281e+01,0.000000000000000000e+00
5.670000000000000284e+01,3.440260197555686972e+01,1.799000000000000057e+02,2.094942668332821611e+01,2.841279029846191406e+01,0.000000000000000000e+00
5.650000000000000000e+01,3.516484154265747719e+01,1.799000000000000057e+02,1.965754610781228351e+01,2.862992286682128906e+01,0.000000000000000000e+00
5.670000000000000284e+01,3.412417409145270852e+01,1.799000000000000057e+02,2.057833888848866977e+01,2.923779487609863281e+01,0.000000000000000000e+00
5.650000000000000000e+01,3.667182311268066286e+01,1.799000000000000057e+02,1.857274807907834457e+01,2.841170310974121094e+01,0.000000000000000000e+00
5.689999999999999858e+01,3.297915615141134538e+01,1.799000000000000057e+02,2.078602898297660317e+01,2.563953399658203125e+01,0.000000000000000000e+00
5.739999999999999858e+01,3.255419122356890682e+01,1.799000000000000057e+02,2.228506903176568699e+01,2.559869766235351562e+01,0.000000000000000000e+00
5.700000000000000000e+01,3.456082113850274595e+01,1.799000000000000057e+02,2.051072675693987790e+01,2.714462280273437500e+01,0.000000000000000000e+00
5.679999999999999716e+01,3.246054481064701491e+01,1.799000000000000057e+02,2.228890707173317054e+01,2.551068305969238281e+01,0.000000000000000000e+00
5.639999999999999858e+01,3.194538476615938549e+01,1.799000000000000057e+02,2.186453509655178351e+01,2.410418510437011719e+01,0.000000000000000000e+00
5.679999999999999716e+01,3.223393806594419431e+01,1.799000000000000057e+02,2.228530952987169300e+01,2.564645767211914062e+01,0.000000000000000000e+00
5.689999999999999858e+01,3.338433344135813741e+01,1.799000000000000057e+02,2.147373348752775613e+01,2.541784286499023438e+01,0.000000000000000000e+00
5.679999999999999716e+01,3.410285064546957301e+01,1.799000000000000057e+02,2.060747478139353461e+01,2.491703033447265625e+01,0.000000000000000000e+00
5.739999999999999858e+01,3.397877796512659643e+01,1.799000000000000057e+02,2.176276908073243277e+01,2.708209037780761719e+01,0.000000000000000000e+00
5.700000000000000000e+01,3.280136081906078260e+01,1.799000000000000057e+02,2.229917162991959856e+01,2.915484428405761719e+01,0.000000000000000000e+00
5.629999999999999716e+01,3.336042576222990164e+01,1.799000000000000057e+02,2.010920743057253901e+01,2.775342941284179688e+01,0.000000000000000000e+00
4.260000000000000142e+01,2.560701432041769365e+01,1.799000000000000057e+02,2.613250755846283369e+01,1.966338157653808594e+01,1.988991498947143555e+01
4.279999999999999716e+01,2.846112391758303417e+01,1.799000000000000057e+02,2.538293859055101365e+01,2.058194160461425781e+01,1.912743210792541504e+01
4.320000000000000284e+01,3.161325312806895127e+01,1.799000000000000057e+02,2.448632421882842181e+01,1.941183090209960938e+01,1.844732999801635742e+01
4.320000000000000284e+01,3.238083582942871885e+01,1.799000000000000057e+02,2.406679919084128727e+01,2.094730377197265625e+01,1.789314985275268555e+01
4.339999999999999858e+01,2.956939728229369990e+01,1.799000000000000057e+02,2.632782575768533562e+01,2.062100410461425781e+01,1.823293328285217285e+01
4.360000000000000142e+01,2.879059728427916554e+01,1.799000000000000057e+02,2.786466193566375438e+01,2.051234245300292969e+01,1.768314599990844727e+01
4.389999999999999858e+01,2.990079074831402650e+01,1.799000000000000057e+02,2.763104457132244107e+01,2.047262191772460938e+01,1.766715526580810547e+01
4.389999999999999858e+01,3.081167347147981417e+01,1.799000000000000057e+02,2.716522850512254905e+01,2.213794708251953125e+01,1.752015948295593262e+01
4.389999999999999858e+01,3.144923580622857884e+01,1.799000000000000057e+02,2.629742557320017937e+01,2.323410987854003906e+01,1.663400411605834961e+01
4.320000000000000284e+01,3.027496904416093315e+01,1.799000000000000057e+02,2.498829778441755778e+01,2.498414993286132812e+01,1.713645696640014648e+01
4.300000000000000000e+01,2.754235672328810480e+01,1.799000000000000057e+02,2.581880613714764294e+01,2.373726844787597656e+01,1.717946290969848633e+01
4.279999999999999716e+01,2.740591051338444117e+01,1.799000000000000057e+02,2.526955788194510077e+01,2.233220100402832031e+01,1.806527018547058105e+01
4.279999999999999716e+01,2.567295573091001870e+01,1.799000000000000057e+02,2.663789844404795915e+01,2.173747062683105469e+01,1.841259121894836426e+01
4.229999999999999716e+01,2.476131384039875627e+01,1.799000000000000057e+02,2.538379473879283310e+01,1.966948509216308594e+01,1.880416870117187500e+01
4.260000000000000142e+01,2.435693093070387860e+01,1.799000000000000057e+02,2.639886514124975747e+01,1.808891296386718750e+01,1.875061392784118652e+01
4.279999999999999716e+01,2.671638779833183008e+01,1.799000000000000057e+02,2.546569155539147644e+01,2.004290580749511719e+01,1.910046100616455078e+01
4.279999999999999716e+01,2.528131465276438306e+01,1.799000000000000057e+02,2.662696397533703774e+01,2.236712455749511719e+01,1.807600617408752441e+01
4.300000000000000000e+01,2.563195798470371756e+01,1.799000000000000057e+02,2.663357632858824786e+01,2.440182685852050781e+01,1.736211419105529785e+01
4.229999999999999716e+01,2.382524915604593119e+01,1.799000000000000057e+02,2.591403343573991691e+01,2.436267852783203125e+01,1.796602249145507812e+01
4.229999999999999716e+01,2.311188475284969002e+01,1.799000000000000057e+02,2.665989299271207003e+01,2.359421730041503906e+01,1.822323560714721680e+01
4.260000000000000142e+01,2.305362717285039764e+01,1.799000000000000057e+02,2.695025933530381934e+01,2.560267448425292969e+01,1.812378048896789551e+01
4.250000000000000000e+01,2.258885886900187501e+01,1.799000000000000057e+02,2.657431971702226292e+01,2.593426704406738281e+01,1.836457133293151855e+01
4.260000000000000142e+01,2.295132907863980876e+01,1.799000000000000057e+02,2.659167054492199256e+01,2.529304504394531250e+01,1.792814016342163086e+01
4.260000000000000142e+01,2.263063140088673819e+01,1.799000000000000057e+02,2.532621998883912084e+01,2.555075645446777344e+01,1.837587118148803711e+01
4.229999999999999716e+01,2.257428676803533207e+01,1.799000000000000057e+02,2.473600320607244640e+01,2.507109642028808594e+01,1.893557786941528320e+01
4.229999999999999716e+01,2.231864143261726952e+01,1.799000000000000057e+02,2.451553718704802876e+01,2.481963157653808594e+01,1.877336263656616211e+01
4.220000000000000284e+01,2.035137520031991443e+01,1.799000000000000057e+02,2.432016394295982309e+01,2.443556785583496094e+01,1.950453042984008789e+01
4.229999999999999716e+01,2.134829238919826366e+01,1.799000000000000057e+02,2.507759309291128602e+01,2.215331077575683594e+01,1.987705707550048828e+01
4.229999999999999716e+01,2.004197671049704610e+01,1.799000000000000057e+02,2.556319277686303337e+01,2.164330482482910156e+01,2.074801921844482422e+01
4.229999999999999716e+01,1.887576296135851450e+01,1.799000000000000057e+02,2.540361004683548529e+01,2.216536521911621094e+01,2.019504308700561523e+01
4.220000000000000284e+01,2.073817413764716378e+01,1.799000000000000057e+02,2.431714809093519136e+01,2.055965423583984375e+01,2.059110641479492188e+01
4.200000000000000000e+01,2.083414768310663945e+01,1.799000000000000057e+02,2.344318723840657626e+01,2.256363868713378906e+01,2.015504360198974609e+01
4.220000000000000284e+01,2.204778234683048765e+01,1.799000000000000057e+02,2.312842013925410356e+01,2.316712379455566406e+01,1.997055768966674805e+01
4.229999999999999716e+01,2.273254223181692169e+01,1.799000000000000057e+02,2.337232217260830325e+01,2.302495956420898438e+01,1.946561217308044434e+01
4.229999999999999716e+01,2.323793673483340427e+01,1.799000000000000057e+02,2.345520088764724065e+01,2.351236343383789062e+01,1.988751173019409180e+01
4.220000000000000284e+01,2.394752243711600670e+01,1.799000000000000057e+02,2.172636638549294119e+01,2.489152908325195312e+01,1.896238565444946289e+01
4.200000000000000000e+01,2.631025112381546904e+01,1.799000000000000057e+02,1.925461654124945809e+01,2.672711372375488281e+01,1.932605028152465820e+01
4.200000000000000000e+01,2.457369940157223454e+01,1.799000000000000057e+02,2.091344312708511666e+01,2.454348564147949219e+01,2.003264904022216797e+01
4.220000000000000284e+01,2.405842711128708800e+01,1.799000000000000057e+02,2.203494020692480149e+01,2.443014144897460938e+01,2.005004167556762695e+01
4.229999999999999716e+01,2.589160273953396185e+01,1.799000000000000057e+02,2.123482191928517082e+01,2.318095207214355469e+01,2.063428401947021484e+01
4.260000000000000142e+01,2.800794623283493223e+01,1.799000000000000057e+02,1.975556002243983400e+01,2.363464355468750000e+01,2.023811578750610352e+01
4.250000000000000000e+01,3.014282635589581005e+01,1.799000000000000057e+02,1.800666172680772092e+01,2.387501716613769531e+01,1.991474628448486328e+01
4.279999999999999716e+01,3.059956123494803393e+01,1.799000000000000057e+02,1.913939526716182726e+01,2.204751014709472656e+01,2.005793809890747070e+01
4.279999999999999716e+01,2.998743514188678105e+01,1.799000000000000057e+02,2.029703119212710405e+01,2.314973831176757812e+01,2.040028095245361328e+01
4.260000000000000142e+01,2.826559024025880973e+01,1.799000000000000057e+02,2.060772888821459148e+01,2.113273620605468750e+01,2.014966011047363281e+01
4.260000000000000142e+01,2.557525570910990353e+01,1.799000000000000057e+02,2.151811241833551236e+01,2.318467140197753906e+01,2.037005186080932617e+01
4.220000000000000284e+01,2.538258037097609687e+01,1.799000000000000057e+02,2.049009535277648197e+01,2.350440025329589844e+01,2.067539691925048828e+01
4.229999999999999716e+01,2.369865670823870474e+01,1.799000000000000057e+02,2.184845743181785593e+01,2.459527015686035156e+01,1.987810373306274414e+01
4.229999999999999716e+01,2.168837132206860474e+01,1.799000000000000057e+02,2.286791161089274382e+01,2.475266456604003906e+01,2.004078388214111328e+01
4.250000000000000000e+01,2.016612285549868488e+01,1.799000000000000057e+02,2.484064582557489942e+01,2.240569114685058594e+01,2.014656543731689453e+01
4.229999999999999716e+01,1.839267095057717327e+01,1.799000000000000057e+02,2.548888210967878365e+01,1.988237380981445312e+01,2.024976253509521484e+01
6.229999999999999716e+01,2.561938004482346187e+01,1.190000000000000000e+02,1.702499781159493608e+01,1.798899650573730469e+01,2.972276210784912109e+00
6.389999999999999858e+01,2.349620777359124091e+01,1.184000000000000057e+02,1.623074904655181427e+01,1.686944961547851562e+01,3.361053466796875000e+00
6.260000000000000142e+01,2.515132239924650293e+01,1.189000000000000057e+02,1.681207405363685226e+01,1.520888328552246094e+01,4.340844154357910156e+00
6.150000000000000000e+01,2.610242102583303847e+01,1.194000000000000057e+02,1.775245787995743640e+01,1.736824035644531250e+01,4.843640327453613281e+00
5.989999999999999858e+01,2.728830360698239232e+01,1.199000000000000057e+02,1.858220667446492058e+01,1.700136184692382812e+01,5.076551437377929688e+00
5.970000000000000284e+01,2.548809790933947994e+01,1.197000000000000028e+02,1.949934151823300610e+01,1.843997001647949219e+01,5.634088516235351562e+00
5.989999999999999858e+01,2.465117060980701069e+01,1.195000000000000000e+02,1.959674681679076258e+01,1.817649841308593750e+01,5.816102027893066406e+00
5.920000000000000284e+01,2.447869084181412802e+01,1.197999999999999972e+02,1.968193050670100064e+01,1.835238456726074219e+01,6.063117980957031250e+00
5.860000000000000142e+01,2.477846352902839300e+01,1.200000000000000000e+02,2.003708938524057004e+01,1.890996932983398438e+01,5.667197704315185547e+00
5.860000000000000142e+01,2.467669600173863387e+01,1.199000000000000057e+02,2.111040833093983338e+01,1.632689476013183594e+01,5.542447566986083984e+00
5.860000000000000142e+01,2.588955537904259785e+01,1.200999999999999943e+02,2.082514207499800207e+01,1.710289955139160156e+01,6.009683609008789062e+00
5.889999999999999858e+01,2.529618510218019622e+01,1.199000000000000057e+02,2.068403058813453654e+01,1.679201126098632812e+01,5.386149883270263672e+00
5.889999999999999858e+01,2.392188132731121897e+01,1.195999999999999943e+02,2.158331113293306913e+01,1.486264228820800781e+01,6.094496250152587891e+00
5.889999999999999858e+01,2.473282334639779378e+01,1.197999999999999972e+02,2.130011846037155721e+01,1.503872871398925781e+01,5.990989208221435547e+00
5.970000000000000284e+01,2.382354597577047883e+01,1.192999999999999972e+02,2.054415543410689438e+01,1.521625518798828125e+01,6.178793907165527344e+00
5.939999999999999858e+01,2.527936628724449264e+01,1.195999999999999943e+02,2.107390646916860177e+01,1.735093116760253906e+01,5.834271907806396484e+00
5.920000000000000284e+01,2.670049756241748184e+01,1.200000000000000000e+02,2.051980119505487465e+01,1.788889884948730469e+01,5.181725025177001953e+00
5.889999999999999858e+01,2.933237573774954754e+01,1.205999999999999943e+02,2.062218176852392304e+01,1.909723281860351562e+01,5.223908424377441406e+00
5.939999999999999858e+01,2.899462604052569858e+01,1.204000000000000057e+02,1.953203089089256750e+01,2.119652748107910156e+01,5.426135063171386719e+00
5.970000000000000284e+01,2.807184800926276580e+01,1.200999999999999943e+02,1.867549809295593732e+01,1.988369941711425781e+01,5.389602184295654297e+00
5.939999999999999858e+01,2.883423770136429809e+01,1.202999999999999972e+02,1.903203462531634216e+01,1.915357589721679688e+01,5.171608924865722656e+00
5.920000000000000284e+01,2.829549954169578996e+01,1.202999999999999972e+02,1.958741297693604366e+01,1.767711639404296875e+01,5.104262828826904297e+00
5.900000000000000000e+01,2.765956798771502179e+01,1.200999999999999943e+02,2.084802981633583840e+01,1.749968528747558594e+01,5.419137477874755859e+00
5.900000000000000000e+01,2.613687281788001116e+01,1.200000000000000000e+02,2.004071862429679385e+01,1.767242431640625000e+01,6.112642288208007812e+00
5.939999999999999858e+01,2.497736801479396007e+01,1.195999999999999943e+02,2.124253880280534901e+01,1.893282890319824219e+01,5.248284339904785156e+00
5.939999999999999858e+01,2.435819611183028499e+01,1.192000000000000028e+02,2.222749529855079231e+01,2.080215454101562500e+01,4.823026657104492188e+00
5.939999999999999858e+01,2.574564067991855154e+01,1.195999999999999943e+02,2.175124035797740518e+01,2.133837699890136719e+01,4.778912067413330078e+00
5.989999999999999858e+01,2.382940424112383226e+01,1.192000000000000028e+02,1.992077497268137876e+01,2.066621780395507812e+01,5.454754829406738281e+00
6.010000000000000142e+01,2.191555987867315736e+01,1.185000000000000000e+02,2.108906713420106271e+01,2.189284324645996094e+01,5.110750198364257812e+00
6.029999999999999716e+01,1.905435134109409390e+01,9.279999999999999716e+01,1.985002609380571670e+01,2.234588623046875000e+01,5.891842842102050781e+00
6.010000000000000142e+01,1.865273129372426197e+01,9.140000000000000568e+01,2.031362605727844439e+01,2.047835350036621094e+01,6.204500198364257812e+00
6.029999999999999716e+01,1.927617282743433691e+01,9.250000000000000000e+01,2.002318170417485987e+01,2.245602607727050781e+01,5.879204273223876953e+00
5.939999999999999858e+01,1.857397621006467148e+01,9.150000000000000000e+01,2.084488822153634402e+01,2.365404129028320312e+01,5.750637054443359375e+00
5.860000000000000142e+01,1.688560265675601002e+01,7.500000000000000000e+01,2.047561358413894084e+01,2.386738777160644531e+01,5.980834960937500000e+00
5.939999999999999858e+01,1.513552040256915276e+01,7.500000000000000000e+01,1.825143824938763970e+01,2.289424896240234375e+01,6.360902786254882812e+00
5.889999999999999858e+01,1.350018576930268210e+01,7.500000000000000000e+01,1.698221979432923945e+01,2.217236518859863281e+01,5.782737731933593750e+00
5.939999999999999858e+01,1.055357220196322032e+01,7.500000000000000000e+01,1.400690672357567657e+01,2.042988777160644531e+01,5.437841415405273438e+00
5.889999999999999858e+01,9.837871885225441204e+00,7.500000000000000000e+01,1.375120547894372081e+01,1.865370750427246094e+01,5.872993469238281250e+00
4.100000000000000000e+01,3.394543702430010512e+01,1.799000000000000057e+02,7.804624543686044191e+00,1.681827545166015625e+01,1.014048576354980469e+01
4.120000000000000284e+01,3.551700306187917278e+01,1.799000000000000057e+02,8.028934613419330901e+00,1.588735580444335938e+01,1.001782655715942383e+01
4.139999999999999858e+01,3.438050588503922711e+01,1.799000000000000057e+02,9.657768529251498535e+00,1.765713691711425781e+01,9.639351367950439453e+00
4.179999999999999716e+01,3.715090648471391432e+01,1.799000000000000057e+02,9.220822781564802284e+00,1.801341056823730469e+01,1.011664390563964844e+01
4.139999999999999858e+01,3.294113390400666930e+01,1.799000000000000057e+02,1.082146789470579584e+01,1.982679367065429688e+01,1.043133735656738281e+01
4.120000000000000284e+01,3.221772598608448135e+01,1.799000000000000057e+02,1.046793079169493268e+01,2.085593223571777344e+01,9.952840805053710938e+00
4.120000000000000284e+01,3.015832632326602791e+01,1.799000000000000057e+02,1.195399256202484395e+01,1.864723205566406250e+01,1.027368783950805664e+01
4.120000000000000284e+01,3.046014111424362980e+01,1.799000000000000057e+02,1.010052033001839789e+01,1.998613357543945312e+01,1.051546335220336914e+01
4.120000000000000284e+01,2.915933717370939604e+01,1.799000000000000057e+02,1.118043952456646828e+01,2.041114807128906250e+01,1.024756431579589844e+01
4.120000000000000284e+01,2.676538689888385747e+01,1.799000000000000057e+02,1.237857555985676150e+01,1.949437141418457031e+01,1.068542480468750000e+01
4.120000000000000284e+01,2.862276760173698875e+01,1.799000000000000057e+02,1.224517132057206759e+01,2.072421073913574219e+01,1.065503597259521484e+01
4.120000000000000284e+01,2.767942351908514809e+01,1.799000000000000057e+02,1.177602727251309744e+01,2.273604393005371094e+01,1.079747200012207031e+01
4.120000000000000284e+01,3.072184612748515775e+01,1.799000000000000057e+02,1.082430666000476549e+01,2.201630592346191406e+01,1.091598987579345703e+01
4.120000000000000284e+01,3.017899867856647234e+01,1.799000000000000057e+02,1.076796218852225095e+01,2.140622138977050781e+01,1.110314607620239258e+01
4.120000000000000284e+01,2.735540175580734257e+01,1.799000000000000057e+02,1.046276839087813215e+01,2.112005233764648438e+01,1.151048898696899414e+01
4.100000000000000000e+01,2.517714536900060551e+01,1.799000000000000057e+02,1.066531556728573982e+01,2.035527229309082031e+01,1.192324876785278320e+01
4.100000000000000000e+01,2.278842305599486195e+01,1.799000000000000057e+02,1.098435456795311005e+01,1.773249626159667969e+01,1.181614875793457031e+01
4.100000000000000000e+01,2.006898380231546852e+01,1.799000000000000057e+02,1.220981229211707486e+01,1.614130973815917969e+01,1.247489929199218750e+01
4.100000000000000000e+01,2.002715768224096138e+01,1.799000000000000057e+02,1.251855404079249290e+01,1.777490615844726562e+01,1.276641368865966797e+01
4.100000000000000000e+01,2.145070318422288480e+01,1.799000000000000057e+02,1.189370886866910482e+01,2.004593849182128906e+01,1.220510482788085938e+01
4.100000000000000000e+01,2.107981790770386965e+01,1.799000000000000057e+02,1.123678969582852716e+01,2.123004913330078125e+01,1.187739133834838867e+01
4.100000000000000000e+01,2.232147663448802533e+01,1.799000000000000057e+02,1.188771876256316062e+01,2.271347045898437500e+01,1.168064594268798828e+01
4.100000000000000000e+01,2.045737381673376021e+01,1.799000000000000057e+02,1.248508085489063291e+01,2.432374000549316406e+01,1.213821172714233398e+01
4.100000000000000000e+01,1.959114455270263733e+01,1.799000000000000057e+02,1.339651655023326526e+01,2.214636802673339844e+01,1.278573274612426758e+01
4.100000000000000000e+01,2.028751838334409285e+01,1.799000000000000057e+02,1.293733051935220324e+01,2.369485855102539062e+01,1.313370704650878906e+01
4.100000000000000000e+01,1.949550723011722297e+01,1.799000000000000057e+02,1.291885022867530530e+01,2.115198135375976562e+01,1.418080568313598633e+01
4.100000000000000000e+01,2.270595906607979586e+01,1.799000000000000057e+02,1.104399338148023446e+01,2.020808219909667969e+01,1.414835453033447266e+01
4.100000000000000000e+01,2.234985414735719900e+01,1.799000000000000057e+02,1.233653772848737518e+01,2.301253318786621094e+01,1.359046936035156250e+01
4.100000000000000000e+01,1.926214759286273193e+01,1.799000000000000057e+02,1.316993395176916870e+01,2.437596321105957031e+01,1.351708412170410156e+01
4.100000000000000000e+01,2.092033469214232611e+01,1.799000000000000057e+02,1.299189639589755529e+01,2.348203659057617188e+01,1.353034973144531250e+01
4.120000000000000284e+01,1.849735082334842673e+01,1.799000000000000057e+02,1.516159209733525515e+01,2.483050346374511719e+01,1.341105461120605469e+01
4.120000000000000284e+01,1.997065387249317681e+01,1.799000000000000057e+02,1.407336556832032848e+01,2.565056800842285156e+01,1.267819404602050781e+01
4.100000000000000000e+01,1.796701016168154652e+01,1.799000000000000057e+02,1.395681165358259257e+01,2.493579864501953125e+01,1.276437759399414062e+01
4.120000000000000284e+01,1.601573792683905140e+01,1.799000000000000057e+02,1.548658415966069946e+01,2.429380416870117188e+01,1.297824382781982422e+01
4.120000000000000284e+01,1.821753381523274484e+01,1.799000000000000057e+02,1.615698018600735253e+01,2.283235549926757812e+01,1.318036079406738281e+01
4.120000000000000284e+01,1.914397924078537727e+01,1.799000000000000057e+02,1.655679923780099472e+01,2.223937988281250000e+01,1.337045669555664062e+01
4.120000000000000284e+01,1.767921940945745263e+01,1.799000000000000057e+02,1.712673252237388155e+01,1.964926719665527344e+01,1.301136732101440430e+01
4.120000000000000284e+01,2.079946602297157909e+01,1.799000000000000057e+02,1.569395844497293702e+01,2.226004600524902344e+01,1.186578750610351562e+01
4.120000000000000284e+01,2.160052116029563152e+01,1.799000000000000057e+02,1.632685433702015843e+01,2.201374053955078125e+01,1.238690376281738281e+01
4.139999999999999858e+01,2.184526984949379269e+01,1.799000000000000057e+02,1.688043860709985822e+01,2.115799903869628906e+01,1.226865291595458984e+01
4.139999999999999858e+01,2.386801280318825036e+01,1.799000000000000057e+02,1.702803126479653884e+01,2.052251815795898438e+01,1.182312011718750000e+01
4.160000000000000142e+01,2.463163460900140223e+01,1.799000000000000057e+02,1.713625968063223937e+01,2.224589347839355469e+01,1.170583724975585938e+01
4.200000000000000000e+01,2.638934442908239930e+01,1.799000000000000057e+02,1.687247183973107667e+01,2.382934570312500000e+01,1.186808586120605469e+01
4.200000000000000000e+01,2.699414173771346626e+01,1.799000000000000057e+02,1.663745938577433137e+01,2.446381568908691406e+01,1.223893165588378906e+01
4.220000000000000284e+01,3.048467614717982599e+01,1.799000000000000057e+02,1.497759604542896028e+01,2.611577033996582031e+01,1.245011329650878906e+01
4.189999999999999858e+01,2.978380101746420294e+01,1.799000000000000057e+02,1.389690672336888078e+01,2.625259399414062500e+01,1.250122785568237305e+01
4.189999999999999858e+01,2.958029282024874007e+01,1.799000000000000057e+02,1.339056887078754698e+01,2.716023445129394531e+01,1.274136066436767578e+01
4.189999999999999858e+01,3.129404585500791924e+01,1.799000000000000057e+02,1.176850942204771755e+01,2.504523277282714844e+01,1.224004983901977539e+01
4.229999999999999716e+01,3.329285604159741752e+01,1.799000000000000057e+02,1.296683851462878323e+01,2.639398574829101562e+01,1.158673763275146484e+01
4.229999999999999716e+01,3.306072799936259798e+01,1.799000000000000057e+02,1.298101185577097816e+01,2.704042434692382812e+01,1.231696605682373047e+01
4.229999999999999716e+01,3.401717307433189319e+01,1.799000000000000057e+02,1.222600659637225107e+01,2.931767463684082031e+01,1.145302295684814453e+01
4.300000000000000000e+01,3.257678608084739125e+01,1.799000000000000057e+02,1.242438677686103077e+01,1.865442276000976562e+01,1.222486972808837891e+01
4.339999999999999858e+01,3.289563489031382915e+01,1.785000000000000000e+02,1.326191247499006032e+01,1.986513137817382812e+01,1.137432813644409180e+01
4.360000000000000142e+01,3.237971318023188871e+01,1.786999999999999886e+02,1.384530080430243792e+01,2.185553550720214844e+01,1.163203001022338867e+01
5.560000000000000142e+01,3.485772323665339911e+01,1.775999999999999943e+02,1.327043886386733718e+01,2.090852737426757812e+01,1.110893726348876953e+01
5.550000000000000000e+01,3.513633813426857699e+01,1.766999999999999886e+02,1.204373996419092663e+01,2.283166885375976562e+01,1.039448976516723633e+01
5.550000000000000000e+01,3.270997496754268496e+01,1.770999999999999943e+02,1.379365542492547014e+01,2.072823524475097656e+01,1.032494068145751953e+01
4.339999999999999858e+01,3.063189070776760303e+01,1.781999999999999886e+02,1.478006083588594066e+01,2.024415016174316406e+01,1.114160537719726562e+01
5.560000000000000142e+01,3.070288323766524385e+01,1.227999999999999972e+02,1.400952726781713409e+01,1.927309989929199219e+01,1.170552730560302734e+01
5.589999999999999858e+01,3.215185477777691858e+01,1.227999999999999972e+02,1.258876879867051279e+01,1.750654220581054688e+01,1.118316411972045898e+01
5.600000000000000000e+01,3.147394649803189637e+01,1.227999999999999972e+02,1.348236390848067145e+01,1.661321640014648438e+01,1.145542383193969727e+01
5.550000000000000000e+01,3.062849608529308298e+01,1.227999999999999972e+02,1.363795880706339680e+01,1.568572998046875000e+01,1.149826765060424805e+01
4.320000000000000284e+01,3.086985031392665491e+01,1.770999999999999943e+02,1.247565506652636813e+01,1.706384658813476562e+01,1.110768795013427734e+01
5.550000000000000000e+01,3.418685198422310378e+01,1.764000000000000057e+02,1.062719697590604184e+01,1.637572288513183594e+01,1.091451168060302734e+01
5.579999999999999716e+01,3.485402044768550667e+01,1.756999999999999886e+02,9.808817330995420747e+00,1.444474220275878906e+01,1.066663265228271484e+01
5.560000000000000142e+01,3.564149489007134974e+01,1.764000000000000057e+02,9.883885730432538708e+00,1.516480445861816406e+01,1.035804271697998047e+01
5.539999999999999858e+01,3.696815910679487160e+01,1.775999999999999943e+02,9.302522387559577055e+00,1.306097984313964844e+01,1.104961395263671875e+01
5.529999999999999716e+01,3.738532212076269445e+01,1.779000000000000057e+02,9.190490586620361668e+00,1.154921531677246094e+01,1.153682947158813477e+01
4.360000000000000142e+01,3.675655766532940305e+01,1.781999999999999886e+02,9.840197456779568697e+00,1.381057739257812500e+01,1.104346275329589844e+01
5.550000000000000000e+01,3.538416357699131254e+01,1.779000000000000057e+02,1.120561485868556062e+01,1.291563987731933594e+01,1.094808101654052734e+01
5.550000000000000000e+01,3.664820654772072572e+01,1.775999999999999943e+02,1.033426305764567665e+01,1.423773765563964844e+01,1.118317127227783203e+01
4.360000000000000142e+01,3.582828398482865850e+01,1.775999999999999943e+02,9.872029981778720042e+00,1.529536247253417969e+01,1.071467161178588867e+01
4.320000000000000284e+01,3.274794504005618023e+01,1.775999999999999943e+02,1.127670182087742035e+01,1.575660705566406250e+01,1.034420490264892578e+01
4.300000000000000000e+01,3.527846341441237854e+01,1.781999999999999886e+02,9.290500320588048311e+00,1.515074729919433594e+01,1.023168802261352539e+01
4.339999999999999858e+01,3.605400101564310944e+01,1.781999999999999886e+02,9.898440618711441985e+00,1.350823402404785156e+01,9.824261665344238281e+00
4.320000000000000284e+01,3.713103240414177009e+01,1.786999999999999886e+02,8.569263098750258933e+00,1.285474777221679688e+01,9.531288146972656250e+00
4.300000000000000000e+01,3.612643095228260393e+01,1.799000000000000057e+02,8.893557832935696794e+00,1.142182350158691406e+01,1.018088340759277344e+01
5.529999999999999716e+01,3.608809727164034342e+01,1.781999999999999886e+02,1.017026350887480213e+01,1.297900199890136719e+01,1.036892414093017578e+01
4.339999999999999858e+01,3.814707651139109856e+01,1.789000000000000057e+02,8.168185570230626524e+00,1.511945724487304688e+01,1.044266223907470703e+01
4.300000000000000000e+01,3.625156908252432686e+01,1.799000000000000057e+02,8.764201161968847131e+00,1.685004234313964844e+01,1.082654476165771484e+01
4.300000000000000000e+01,3.486676161500345472e+01,1.786999999999999886e+02,9.614153222271633936e+00,1.687586784362792969e+01,1.037250518798828125e+01
4.300000000000000000e+01,3.525772155376584038e+01,1.790000000000000000e+02,1.005075506581036571e+01,1.965225219726562500e+01,1.002877712249755859e+01
4.329999999999999716e+01,3.691695742678982128e+01,1.781999999999999886e+02,8.626763021755362359e+00,1.746505737304687500e+01,1.034783363342285156e+01
4.300000000000000000e+01,3.778802194322418728e+01,1.795999999999999943e+02,7.488368219705652251e+00,2.016028404235839844e+01,1.067121028900146484e+01
4.320000000000000284e+01,3.881616091001981061e+01,1.799000000000000057e+02,7.873748602122247142e+00,2.234536170959472656e+01,9.646801948547363281e+00
5.550000000000000000e+01,4.094100726511805277e+01,1.793000000000000114e+02,7.197633764841622650e+00,2.170414924621582031e+01,9.785075187683105469e+00
5.529999999999999716e+01,4.137458261490334621e+01,1.793000000000000114e+02,7.158112124512348018e+00,2.130009651184082031e+01,9.391632080078125000e+00
5.560000000000000142e+01,4.120899315971753651e+01,1.781999999999999886e+02,7.275996380670125774e+00,2.108464241027832031e+01,9.136998653411865234e+00
5.600000000000000000e+01,3.960225734975151113e+01,1.769000000000000057e+02,9.236102078659850889e+00,1.961604118347167969e+01,9.293217658996582031e+00
5.610000000000000142e+01,3.895310349980125864e+01,1.766999999999999886e+02,1.033539545778422841e+01,1.948982238769531250e+01,8.764488697052001953e+00
5.610000000000000142e+01,3.620992376850247041e+01,1.768000000000000114e+02,1.194214075327340474e+01,1.739725112915039062e+01,9.474432468414306641e+00
5.600000000000000000e+01,3.445037039148392211e+01,1.770000000000000000e+02,1.286894592073675625e+01,1.485614776611328125e+01,9.560899734497070312e+00
5.560000000000000142e+01,3.648894417322517825e+01,1.779000000000000057e+02,1.056313575296553253e+01,1.769871711730957031e+01,9.234251976013183594e+00
5.589999999999999858e+01,3.685536870986808111e+01,1.773000000000000114e+02,1.087396088237363223e+01,1.747447013854980469e+01,9.536070823669433594e+00
5.610000000000000142e+01,3.845892250028193615e+01,1.764000000000000057e+02,9.626322901843906266e+00,1.524487495422363281e+01,9.958403110504150391e+00
5.639999999999999858e+01,3.836268129134028726e+01,1.756999999999999886e+02,1.014514271101704956e+01,1.605647087097167969e+01,1.048101902008056641e+01
5.629999999999999716e+01,3.679500301025740328e+01,1.764000000000000057e+02,1.190009336297966414e+01,1.614923477172851562e+01,1.009859561920166016e+01
5.650000000000000000e+01,3.665368486179049512e+01,1.765999999999999943e+02,1.344003840484516843e+01,1.737891197204589844e+01,1.007976055145263672e+01
5.639999999999999858e+01,3.848414750747549817e+01,1.764000000000000057e+02,1.217557758047406935e+01,1.825775146484375000e+01,9.691522121429443359e+00
5.679999999999999716e+01,3.648406916204435646e+01,1.227999999999999972e+02,1.308151970411002551e+01,1.719431877136230469e+01,1.019057750701904297e+01
5.650000000000000000e+01,3.904230855943961132e+01,1.764000000000000057e+02,1.183757088802021329e+01,1.884115219116210938e+01,9.433631896972656250e+00
5.629999999999999716e+01,3.885053161423434176e+01,1.775999999999999943e+02,1.119780113099247743e+01,1.790571212768554688e+01,8.990483283996582031e+00
4.139999999999999858e+01,1.897835544982834577e+01,1.799000000000000057e+02,1.749679821055520534e+01,3.364565849304199219e+01,1.861807823181152344e+01
4.120000000000000284e+01,1.762523778699507915e+01,1.799000000000000057e+02,1.726486834825302097e+01,3.509431838989257812e+01,1.798321485519409180e+01
4.120000000000000284e+01,1.746576703493155946e+01,1.799000000000000057e+02,1.752527704682855614e+01,3.613629341125488281e+01,1.809422612190246582e+01
4.120000000000000284e+01,2.008890296427444611e+01,1.799000000000000057e+02,1.603978477432083238e+01,3.613793373107910156e+01,1.840448141098022461e+01
4.120000000000000284e+01,2.088882531432959766e+01,1.799000000000000057e+02,1.616034686644266571e+01,3.786774635314941406e+01,1.867559313774108887e+01
4.120000000000000284e+01,1.820663205397316986e+01,1.799000000000000057e+02,1.688084355838379125e+01,3.655503273010253906e+01,1.846677303314208984e+01
4.120000000000000284e+01,1.388867597323213943e+01,1.799000000000000057e+02,1.828045919964831967e+01,3.403109550476074219e+01,1.846573829650878906e+01
4.120000000000000284e+01,1.508854871677006315e+01,1.799000000000000057e+02,1.898851091292875637e+01,3.372196197509765625e+01,1.892171859741210938e+01
4.120000000000000284e+01,1.368470159994415525e+01,1.799000000000000057e+02,1.832463205547927032e+01,3.406558036804199219e+01,1.946043252944946289e+01
4.120000000000000284e+01,1.640626020106190452e+01,1.799000000000000057e+02,1.661803358914121276e+01,3.503314971923828125e+01,1.990833044052124023e+01
4.120000000000000284e+01,1.657279839823596390e+01,1.799000000000000057e+02,1.697495076158363503e+01,3.695278167724609375e+01,1.953997373580932617e+01
4.120000000000000284e+01,1.549914660173473635e+01,1.799000000000000057e+02,1.635426156096189487e+01,3.525195121765136719e+01,1.971959471702575684e+01
4.120000000000000284e+01,1.251049015568939993e+01,1.799000000000000057e+02,1.711854484403924559e+01,3.312497138977050781e+01,2.066320896148681641e+01
4.100000000000000000e+01,1.400339212305107317e+01,1.799000000000000057e+02,1.644696444351413689e+01,3.384915351867675781e+01,2.010316371917724609e+01
4.100000000000000000e+01,1.197118548600218269e+01,1.799000000000000057e+02,1.724699800501196734e+01,3.597413063049316406e+01,2.009988069534301758e+01
4.100000000000000000e+01,1.686208519414798701e+01,1.799000000000000057e+02,1.533373280351972312e+01,3.735805511474609375e+01,1.984900951385498047e+01
4.100000000000000000e+01,1.664285324221079065e+01,1.799000000000000057e+02,1.508568219011460343e+01,3.987999916076660156e+01,1.974535226821899414e+01
5.939999999999999858e+01,2.116397682188038587e+01,1.197999999999999972e+02,1.324997470282135481e+01,3.469532966613769531e+01,1.975064992904663086e+01
5.889999999999999858e+01,1.973032260777022628e+01,1.195999999999999943e+02,1.458895334299382540e+01,3.699090003967285156e+01,2.014020681381225586e+01
5.989999999999999858e+01,1.765330464976291580e+01,1.190999999999999943e+02,1.366645114312939491e+01,3.470005035400390625e+01,2.067798376083374023e+01
5.989999999999999858e+01,1.755960807467469920e+01,1.190999999999999943e+02,1.430216643178768976e+01,3.383614540100097656e+01,2.086288690567016602e+01
5.920000000000000284e+01,1.840523452049800568e+01,1.194000000000000057e+02,1.417858798996109293e+01,3.556517601013183594e+01,2.013466835021972656e+01
5.920000000000000284e+01,1.866837765675635552e+01,1.192999999999999972e+02,1.609322558911739875e+01,3.615128517150878906e+01,2.029013633728027344e+01
5.939999999999999858e+01,1.968419845700849180e+01,1.195000000000000000e+02,1.509272772962676257e+01,3.505352020263671875e+01,2.068080902099609375e+01
5.939999999999999858e+01,1.935152860196725655e+01,1.195000000000000000e+02,1.371776839472308396e+01,3.287471771240234375e+01,2.031809329986572266e+01
5.939999999999999858e+01,2.125506661390280883e+01,1.197999999999999972e+02,1.246833609686586186e+01,3.487869262695312500e+01,1.990294933319091797e+01
5.939999999999999858e+01,2.161933348096579977e+01,1.199000000000000057e+02,1.176355120900293372e+01,3.308751106262207031e+01,1.974831819534301758e+01
5.989999999999999858e+01,2.292830553933763582e+01,1.199000000000000057e+02,1.173099882591130338e+01,3.212466239929199219e+01,1.935532093048095703e+01
5.920000000000000284e+01,2.296411481149637268e+01,1.202000000000000028e+02,1.147188698178541699e+01,2.962746620178222656e+01,1.927812099456787109e+01
5.920000000000000284e+01,2.172366422093901761e+01,1.199000000000000057e+02,1.287876323629637731e+01,3.141159057617187500e+01,1.831639528274536133e+01
5.889999999999999858e+01,2.054432960795052310e+01,1.197999999999999972e+02,1.410645608917769778e+01,3.120110511779785156e+01,1.864349842071533203e+01
5.920000000000000284e+01,2.232423229407741161e+01,1.200000000000000000e+02,1.438388998690906462e+01,3.055001258850097656e+01,1.930935859680175781e+01
5.889999999999999858e+01,2.092186396904764933e+01,1.197999999999999972e+02,1.509889798196154054e+01,3.198992729187011719e+01,1.857919216156005859e+01
5.900000000000000000e+01,2.314688622782960437e+01,1.200999999999999943e+02,1.451008280621513435e+01,2.992907524108886719e+01,1.904191851615905762e+01
5.829999999999999716e+01,2.475599089976740075e+01,1.205999999999999943e+02,1.575033438954721099e+01,3.061684608459472656e+01,1.855938196182250977e+01
5.789999999999999858e+01,2.582935253417513977e+01,1.209000000000000057e+02,1.632639992571098375e+01,2.821850776672363281e+01,1.855206847190856934e+01
5.739999999999999858e+01,2.718097802922713058e+01,1.212000000000000028e+02,1.689053299481097525e+01,2.662661552429199219e+01,1.830500483512878418e+01
5.710000000000000142e+01,2.969430594677944413e+01,1.215000000000000000e+02,1.656797581818734244e+01,2.640500068664550781e+01,1.820098400115966797e+01
5.760000000000000142e+01,2.760251486828451917e+01,1.210999999999999943e+02,1.623599727813378379e+01,2.650105476379394531e+01,1.775150179862976074e+01
5.760000000000000142e+01,2.750014400320671371e+01,1.212000000000000028e+02,1.525973526760928856e+01,2.645503044128417969e+01,1.748768925666809082e+01
5.829999999999999716e+01,2.771178587279341343e+01,1.209000000000000057e+02,1.443290551949449707e+01,2.692646026611328125e+01,1.701178789138793945e+01
5.860000000000000142e+01,2.815481467217131950e+01,1.209000000000000057e+02,1.308566231147985270e+01,2.682379722595214844e+01,1.737545132637023926e+01
5.889999999999999858e+01,2.875035958660844670e+01,1.207999999999999972e+02,1.340266063386720319e+01,2.894384384155273438e+01,1.771619796752929688e+01
5.889999999999999858e+01,2.867895390247406695e+01,1.207999999999999972e+02,1.316367709842184475e+01,2.981955528259277344e+01,1.719457030296325684e+01
5.939999999999999858e+01,2.771434971633608413e+01,1.205999999999999943e+02,1.247105043778539013e+01,2.772912979125976562e+01,1.773999214172363281e+01
5.860000000000000142e+01,3.054295991682577593e+01,1.210999999999999943e+02,1.323445023847312818e+01,2.848342895507812500e+01,1.767525196075439453e+01
5.860000000000000142e+01,3.316761202303277400e+01,1.214000000000000057e+02,1.202166144870643727e+01,2.937064170837402344e+01,1.670651435852050781e+01
5.829999999999999716e+01,3.396050641919327262e+01,1.215000000000000000e+02,1.327217083047664126e+01,3.153977394104003906e+01,1.617091178894042969e+01
5.810000000000000142e+01,3.441592496786415722e+01,1.215999999999999943e+02,1.468292778685050948e+01,3.340576171875000000e+01,1.588350057601928711e+01
5.829999999999999716e+01,3.387826344505637621e+01,1.215000000000000000e+02,1.614612876444736855e+01,3.472764968872070312e+01,1.605561494827270508e+01
5.829999999999999716e+01,3.613898986846503902e+01,1.217999999999999972e+02,1.484424282974436693e+01,3.345749855041503906e+01,1.697130322456359863e+01
5.789999999999999858e+01,3.450871375256886608e+01,1.217999999999999972e+02,1.599832418808471779e+01,3.153561592102050781e+01,1.744991898536682129e+01
5.789999999999999858e+01,3.537637039946736195e+01,1.220000000000000000e+02,1.504335744442062683e+01,3.136192321777343750e+01,1.689151048660278320e+01
5.789999999999999858e+01,3.558711219401979520e+01,1.217999999999999972e+02,1.475448928119414660e+01,3.132231712341308594e+01,1.723092794418334961e+01
5.779999999999999716e+01,3.584407865771207469e+01,1.220000000000000000e+02,1.544258272345737915e+01,3.280992507934570312e+01,1.725946068763732910e+01
5.750000000000000000e+01,3.511900898674716132e+01,1.220000000000000000e+02,1.626690539133165458e+01,3.157828330993652344e+01,1.740044593811035156e+01
5.720000000000000284e+01,3.464786866277157884e+01,1.222000000000000028e+02,1.610070277753618839e+01,2.906135559082031250e+01,1.840585112571716309e+01
5.720000000000000284e+01,3.525300136794727734e+01,1.222000000000000028e+02,1.734618345166161291e+01,3.095173835754394531e+01,1.759023785591125488e+01
5.739999999999999858e+01,3.582235853047126994e+01,1.222000000000000028e+02,1.712173157944537394e+01,3.344137191772460938e+01,1.794316887855529785e+01
5.750000000000000000e+01,3.535388170240696581e+01,1.220999999999999943e+02,1.653346819529734901e+01,3.292193412780761719e+01,1.777625083923339844e+01
5.739999999999999858e+01,3.413570530664852498e+01,1.220000000000000000e+02,1.706799923649501949e+01,3.463549613952636719e+01,1.831975936889648438e+01
5.710000000000000142e+01,3.561653645031914550e+01,1.222000000000000028e+02,1.685127300486730562e+01,3.532230377197265625e+01,1.780448079109191895e+01
5.670000000000000284e+01,3.508811818530517002e+01,1.225000000000000000e+02,1.661593841278050121e+01,3.341341972351074219e+01,1.890864133834838867e+01
5.660000000000000142e+01,3.223762291894880860e+01,1.222000000000000028e+02,1.688894076042121739e+01,3.560562133789062500e+01,1.906428575515747070e+01
5.660000000000000142e+01,3.366303653902141946e+01,1.224000000000000057e+02,1.597299250292716977e+01,3.310430526733398438e+01,1.931030392646789551e+01
5.689999999999999858e+01,3.300323975495408746e+01,1.220999999999999943e+02,1.615210845377406201e+01,3.166901588439941406e+01,1.919968605041503906e+01
5.739999999999999858e+01,3.376947744250152539e+01,1.220000000000000000e+02,1.611179355063401530e+01,3.179577827453613281e+01,1.915368556976318359e+01
5.739999999999999858e+01,3.364583652873160702e+01,1.220000000000000000e+02,1.550100157401365486e+01,3.214550971984863281e+01,1.904307603836059570e+01
4.120000000000000284e+01,2.222705510757012703e+01,1.799000000000000057e+02,8.232036702008187490e+00,4.136371612548828125e+00,2.218594551086425781e+01
4.100000000000000000e+01,2.290856315257313724e+01,1.799000000000000057e+02,6.444034283293975207e+00,5.520610809326171875e+00,2.199692010879516602e+01
4.079999999999999716e+01,2.430599482490743313e+01,1.799000000000000057e+02,4.494802164232780228e+00,4.297122955322265625e+00,2.269040107727050781e+01
4.079999999999999716e+01,2.493683039914367683e+01,1.799000000000000057e+02,3.565478297228150240e+00,3.817729949951171875e+00,2.269753932952880859e+01
6.150000000000000000e+01,9.856941730754957831e+00,7.500000000000000000e+01,1.225765113364183811e+01,1.752873420715332031e+01,2.089130640029907227e+01
6.150000000000000000e+01,6.969870377157315389e+00,7.500000000000000000e+01,9.471305619903928275e+00,1.700018882751464844e+01,2.170469760894775391e+01
6.050000000000000000e+01,8.174422035157439481e+00,7.500000000000000000e+01,1.137639045843215335e+01,1.902717590332031250e+01,2.112668991088867188e+01
6.050000000000000000e+01,8.856843345871194373e+00,7.500000000000000000e+01,1.193218593958224538e+01,1.931942939758300781e+01,2.095937490463256836e+01
6.089999999999999858e+01,8.715318187931183402e+00,7.500000000000000000e+01,1.158287394113910196e+01,1.703512191772460938e+01,2.074073791503906250e+01
6.150000000000000000e+01,7.346345618644960496e+00,7.500000000000000000e+01,9.841228417527657868e+00,1.575790405273437500e+01,2.031471014022827148e+01
6.089999999999999858e+01,8.810468324352543235e+00,7.500000000000000000e+01,1.149553345020266093e+01,1.339888572692871094e+01,2.054599046707153320e+01
6.150000000000000000e+01,9.551983276615258589e+00,7.500000000000000000e+01,1.171409345000872193e+01,1.321508407592773438e+01,2.065910339355468750e+01
6.229999999999999716e+01,8.337041312836220186e+00,7.500000000000000000e+01,1.042027491676534012e+01,1.296348571777343750e+01,2.060453414916992188e+01
6.229999999999999716e+01,6.604388109419686792e+00,7.500000000000000000e+01,8.736527518876783915e+00,1.447650909423828125e+01,2.005226135253906250e+01
6.370000000000000284e+01,4.423287115694251703e+00,7.500000000000000000e+01,5.898843855363747224e+00,1.464245796203613281e+01,2.070507049560546875e+01
6.470000000000000284e+01,4.589381783307632467e+00,7.500000000000000000e+01,5.697907405189306829e+00,1.647509574890136719e+01,2.113104820251464844e+01
6.329999999999999716e+01,3.231876830698161562e+00,7.500000000000000000e+01,4.871923500450307642e+00,1.862012863159179688e+01,2.151901721954345703e+01
4.229999999999999716e+01,6.281016365054580497e+00,7.500000000000000000e+01,1.327280847528639462e+01,2.558958053588867188e+01,1.852471590042114258e+01
6.070000000000000284e+01,3.885757562282920219e+01,1.217999999999999972e+02,4.427726028288986093e+00,9.169731140136718750e+00,3.479399681091308594e+00
6.089999999999999858e+01,3.712821448863449803e+01,1.215000000000000000e+02,5.890578433554548354e+00,9.338064193725585938e+00,4.111309051513671875e+00
6.089999999999999858e+01,3.762075348667184471e+01,1.215000000000000000e+02,6.048696971574950787e+00,1.111899375915527344e+01,4.180543422698974609e+00
5.989999999999999858e+01,3.853060863183800677e+01,1.217999999999999972e+02,6.419208138695948307e+00,1.112837791442871094e+01,4.403181076049804688e+00
6.010000000000000142e+01,3.806332692306572341e+01,1.217999999999999972e+02,6.063506677939988876e+00,1.206255912780761719e+01,3.895177841186523438e+00
5.989999999999999858e+01,3.900987368894347185e+01,1.220000000000000000e+02,6.073142120535489852e+00,1.231045722961425781e+01,4.375026226043701172e+00
6.089999999999999858e+01,3.775957425499564124e+01,1.215999999999999943e+02,5.300430828062459021e+00,1.263157844543457031e+01,4.374370574951171875e+00
6.070000000000000284e+01,3.748150238309802518e+01,1.215999999999999943e+02,3.733417171995363493e+00,1.066757202148437500e+01,5.410068035125732422e+00
6.089999999999999858e+01,3.706508373782496335e+01,1.215000000000000000e+02,3.420736295302195362e+00,9.105176925659179688e+00,5.775480270385742188e+00
6.150000000000000000e+01,3.667933918502014734e+01,1.215000000000000000e+02,2.201170898931850139e+00,1.007761001586914062e+01,5.785515308380126953e+00
6.089999999999999858e+01,3.832021324282136732e+01,1.215999999999999943e+02,1.237363442696059801e+00,1.117063522338867188e+01,6.288070678710937500e+00
6.150000000000000000e+01,3.722525175724185686e+01,1.215000000000000000e+02,1.651993781021201757e+00,1.267413139343261719e+01,6.385269165039062500e+00
6.150000000000000000e+01,3.560178403513393164e+01,1.212999999999999972e+02,2.621588930271935958e+00,1.026642799377441406e+01,6.469643115997314453e+00
6.329999999999999716e+01,3.362274619047772006e+01,1.207999999999999972e+02,1.368744998199810103e+00,9.984912872314453125e+00,5.861582756042480469e+00
6.260000000000000142e+01,3.351599054826825608e+01,1.209000000000000057e+02,1.507802641011415368e+00,9.526824951171875000e+00,6.163094043731689453e+00
6.260000000000000142e+01,3.289139326909852912e+01,1.209000000000000057e+02,2.044654903850034344e+00,7.383747100830078125e+00,6.352884769439697266e+00
6.260000000000000142e+01,3.291937974027442237e+01,1.207999999999999972e+02,2.828326624600586925e+00,8.194904327392578125e+00,6.736168861389160156e+00
6.470000000000000284e+01,3.064652723514450372e+01,1.204000000000000057e+02,2.716251388392553867e+00,7.894296646118164062e+00,6.634426116943359375e+00
6.300000000000000000e+01,3.145704182442260688e+01,1.205999999999999943e+02,3.451847540542156256e+00,1.057671546936035156e+01,6.456766128540039062e+00
7.000000000000000000e+01,2.941607481470815344e+01,1.200999999999999943e+02,2.383574866884155874e+00,7.717208862304687500e+00,6.978454589843750000e+00
7.000000000000000000e+01,2.970678932887236101e+01,1.202000000000000028e+02,1.322992536348671866e+00,6.349039077758789062e+00,7.250480651855468750e+00
6.370000000000000284e+01,3.276272007973028622e+01,1.207000000000000028e+02,1.814220637475786546e+00,8.487100601196289062e+00,6.448020935058593750e+00
6.420000000000000284e+01,3.248254051222782834e+01,1.205999999999999943e+02,1.599069456527803634e+00,8.580780029296875000e+00,6.336030960083007812e+00
6.540000000000000568e+01,3.099608157944437536e+01,1.202999999999999972e+02,2.768192746307495788e+00,9.867324829101562500e+00,5.496659278869628906e+00
7.000000000000000000e+01,2.965592665805503714e+01,1.200999999999999943e+02,3.548615621907627027e+00,1.232249259948730469e+01,4.392795562744140625e+00
7.000000000000000000e+01,3.090035560358622391e+01,1.202999999999999972e+02,3.418742594331486195e+00,1.237051963806152344e+01,4.569857120513916016e+00
7.000000000000000000e+01,3.101956388181329771e+01,1.202000000000000028e+02,2.336955849422068798e+00,1.122488975524902344e+01,5.355691909790039062e+00
6.420000000000000284e+01,3.297890788929009176e+01,1.205999999999999943e+02,3.239996994748926440e+00,1.235598564147949219e+01,4.888134002685546875e+00
6.229999999999999716e+01,3.403465601838134091e+01,1.210000000000000000e+02,4.252434086881821784e+00,1.226341247558593750e+01,4.629750251770019531e+00
6.150000000000000000e+01,3.288669322533636574e+01,1.210000000000000000e+02,4.866911355226466895e+00,1.417423248291015625e+01,3.703863620758056641e+00
6.260000000000000142e+01,2.976659073009885503e+01,1.205000000000000000e+02,5.010079044569263118e+00,1.281392097473144531e+01,4.315690994262695312e+00
6.150000000000000000e+01,3.076986396654537259e+01,1.207999999999999972e+02,5.138776093377889431e+00,1.436321258544921875e+01,3.845200538635253906e+00
6.260000000000000142e+01,2.831031248155307267e+01,1.204000000000000057e+02,4.942317878949372023e+00,1.184164047241210938e+01,3.862063884735107422e+00
6.229999999999999716e+01,2.703074696740109673e+01,1.202999999999999972e+02,4.975126901678697422e+00,9.377927780151367188e+00,4.370324611663818359e+00
6.329999999999999716e+01,2.592851093468669887e+01,1.200000000000000000e+02,4.417027537664082182e+00,7.401685714721679688e+00,4.545397758483886719e+00
6.179999999999999716e+01,2.626551759591317037e+01,1.202999999999999972e+02,4.562803454929168723e+00,7.511396408081054688e+00,5.218520164489746094e+00
6.329999999999999716e+01,2.470630996622982423e+01,1.200000000000000000e+02,3.944247793601038499e+00,6.852340698242187500e+00,4.679601192474365234e+00
6.329999999999999716e+01,2.296605761748360308e+01,1.197000000000000028e+02,5.241492643919953842e+00,7.264471054077148438e+00,4.038100242614746094e+00
6.260000000000000142e+01,2.356922394032019241e+01,1.197999999999999972e+02,4.747865953295696606e+00,7.115812301635742188e+00,4.122459888458251953e+00
6.260000000000000142e+01,2.175574005430453539e+01,1.197000000000000028e+02,4.587496781449843297e+00,5.794725418090820312e+00,4.207112789154052734e+00
6.260000000000000142e+01,2.352940818213103569e+01,1.200000000000000000e+02,3.096956126323782144e+00,5.521354675292968750e+00,3.579318523406982422e+00
6.260000000000000142e+01,2.324548759781674434e+01,1.200000000000000000e+02,1.636055742190825280e+00,3.222398757934570312e+00,4.648063182830810547e+00
6.260000000000000142e+01,2.532571067690505373e+01,1.202999999999999972e+02,9.538073300744098759e-01,4.105062484741210938e+00,5.129721164703369141e+00
6.329999999999999716e+01,2.499955915054998812e+01,1.202000000000000028e+02,5.254123729473934024e-01,4.876317977905273438e+00,4.644138813018798828e+00
6.229999999999999716e+01,2.564999193259984622e+01,1.205000000000000000e+02,5.858556778778242213e-01,6.158761978149414062e+00,3.783526420593261719e+00
6.229999999999999716e+01,2.466086129190963305e+01,1.202999999999999972e+02,1.086199230482559619e+00,4.865159988403320312e+00,4.120545387268066406e+00
6.329999999999999716e+01,2.501253192913357282e+01,1.205999999999999943e+02,1.504058985073314977e-03,7.228746414184570312e+00,4.545187950134277344e+00
6.229999999999999716e+01,2.610663495202028983e+01,1.204000000000000057e+02,6.780250014054669538e-01,7.585678100585937500e+00,3.951172828674316406e+00
6.260000000000000142e+01,2.800440013069667700e+01,1.200000000000000000e+02,5.553568331740834502e-03,7.557764053344726562e+00,3.310501575469970703e+00
6.260000000000000142e+01,2.849423333438835471e+01,1.200000000000000000e+02,2.406546106862635353e-03,9.366760253906250000e+00,3.696656227111816406e+00
6.229999999999999716e+01,2.760548809098338552e+01,1.200000000000000000e+02,3.823625578748491606e-03,1.138916969299316406e+01,3.679902553558349609e+00
6.659999999999999432e+01,8.678693233682169605e+00,8.679999999999999716e+01,8.516836540900168728e+00,9.830856323242187500e+00,2.306575059890747070e+01
6.540000000000000568e+01,9.486398216827385710e+00,8.679999999999999716e+01,9.545705583319891829e+00,9.370765686035156250e+00,2.371716976165771484e+01
6.540000000000000568e+01,8.510599002999256868e+00,8.620000000000000284e+01,8.834890437473934099e+00,8.710241317749023438e+00,2.373715877532958984e+01
6.470000000000000284e+01,7.061134550981438274e+00,7.500000000000000000e+01,7.952416568346767356e+00,8.189945220947265625e+00,2.342235565185546875e+01
5.789999999999999858e+01,4.015896942998001151e+01,1.227999999999999972e+02,3.983177772168299491e+00,9.846858978271484375e+00,8.817274570465087891e+00
5.789999999999999858e+01,4.064553677204634141e+01,1.227999999999999972e+02,4.434628547371255003e+00,1.206736564636230469e+01,8.689973354339599609e+00
5.760000000000000142e+01,4.239173247205847161e+01,1.230999999999999943e+02,3.474343930492595600e+00,1.256396293640136719e+01,9.208931922912597656e+00
5.750000000000000000e+01,4.350538240487676944e+01,1.234000000000000057e+02,4.714406747470277992e+00,1.145702362060546875e+01,9.171094894409179688e+00
5.770000000000000284e+01,4.321271645472941714e+01,1.230999999999999943e+02,4.803863605160660022e+00,1.156751632690429688e+01,9.192185401916503906e+00
5.789999999999999858e+01,4.385424127422328411e+01,1.230999999999999943e+02,3.698450564503239502e+00,1.066969871520996094e+01,9.775903224945068359e+00
5.750000000000000000e+01,4.266724138047935355e+01,1.230999999999999943e+02,4.231572608273801883e+00,1.266312599182128906e+01,8.851416110992431641e+00
5.789999999999999858e+01,4.139703127319961595e+01,1.227999999999999972e+02,4.157020145936016320e+00,1.440956115722656250e+01,8.190174102783203125e+00
5.829999999999999716e+01,3.835064232539673412e+01,1.225000000000000000e+02,4.125876913979546146e+00,1.444078445434570312e+01,7.827391624450683594e+00
5.789999999999999858e+01,3.817996862043649031e+01,1.225000000000000000e+02,3.389637464848341608e+00,1.691493988037109375e+01,7.643918991088867188e+00
5.810000000000000142e+01,3.837533069174498479e+01,1.227999999999999972e+02,1.370865556573901411e+00,1.541419029235839844e+01,8.358633518218994141e+00
5.860000000000000142e+01,3.645428872176126589e+01,1.222000000000000028e+02,1.298175792272329376e+00,1.424674034118652344e+01,8.046965599060058594e+00
5.920000000000000284e+01,3.596401309641373700e+01,1.220000000000000000e+02,6.279723864805666356e-01,1.335633277893066406e+01,7.851462364196777344e+00
5.970000000000000284e+01,3.597563040684738667e+01,1.200000000000000000e+02,3.101714572806830387e-03,1.285264015197753906e+01,7.314043045043945312e+00
5.939999999999999858e+01,3.663700326050678058e+01,1.200000000000000000e+02,3.854647148148030843e-03,1.041316032409667969e+01,8.379344940185546875e+00
5.889999999999999858e+01,3.815447875730479410e+01,1.200999999999999943e+02,6.941333119811345792e-03,8.741788864135742188e+00,9.092617034912109375e+00
5.889999999999999858e+01,3.793456395040453799e+01,1.240999999999999943e+02,5.910539902714503219e-03,9.519624710083007812e+00,9.190611839294433594e+00
5.860000000000000142e+01,3.977666490216180506e+01,1.200999999999999943e+02,5.540913325487512552e-03,1.151652336120605469e+01,9.476389884948730469e+00
5.860000000000000142e+01,4.034222327784239326e+01,1.249000000000000057e+02,2.575067818006703500e-03,1.130200386047363281e+01,9.985086917877197266e+00
5.829999999999999716e+01,4.071652318523391756e+01,1.202999999999999972e+02,3.169129912209870704e-03,9.710903167724609375e+00,1.016892433166503906e+01
5.889999999999999858e+01,3.929327474722384750e+01,1.200000000000000000e+02,3.920510157128509303e-03,7.150793075561523438e+00,1.045381784439086914e+01
5.889999999999999858e+01,3.801623086645585659e+01,1.200000000000000000e+02,6.468163813272883797e-03,4.969873428344726562e+00,1.015007257461547852e+01
5.939999999999999858e+01,3.515838371238503868e+01,1.200000000000000000e+02,4.780972395624864119e-03,2.185277938842773438e+00,1.039185523986816406e+01
5.970000000000000284e+01,3.551567448550425610e+01,1.200000000000000000e+02,3.016647642297384455e-03,4.792547225952148438e+00,1.065321207046508789e+01
6.010000000000000142e+01,3.459569119045065833e+01,1.200000000000000000e+02,6.417992316453788489e-03,5.349111557006835938e+00,1.104802131652832031e+01
5.939999999999999858e+01,3.416888529363823324e+01,1.217000000000000028e+02,4.451230903561066016e-02,5.214014053344726562e+00,1.130233287811279297e+01
5.889999999999999858e+01,3.304016939764179028e+01,1.217999999999999972e+02,6.139716026726025344e-01,5.337200164794921875e+00,1.061702966690063477e+01
5.860000000000000142e+01,3.216742272671584146e+01,1.217999999999999972e+02,1.156002813084628045e+00,7.032346725463867188e+00,1.050860404968261719e+01
5.860000000000000142e+01,3.282827754374405060e+01,1.219000000000000057e+02,5.025562938663233892e-01,7.942829132080078125e+00,9.728360176086425781e+00
5.860000000000000142e+01,3.273874380619978552e+01,1.219000000000000057e+02,1.300909615811695896e-01,8.343591690063476562e+00,1.033545970916748047e+01
5.860000000000000142e+01,3.341365652315820256e+01,1.202000000000000028e+02,7.730886088903533154e-03,8.535642623901367188e+00,9.708514213562011719e+00
5.889999999999999858e+01,3.403907028500976395e+01,1.200000000000000000e+02,5.076186423888498847e-03,7.845315933227539062e+00,9.114396572113037109e+00
5.900000000000000000e+01,3.445404589115577210e+01,1.200000000000000000e+02,7.196539793141828317e-03,7.947664260864257812e+00,8.923954963684082031e+00
5.889999999999999858e+01,3.426579772756431908e+01,1.217999999999999972e+02,1.009763081796714923e+00,7.952117919921875000e+00,9.508850574493408203e+00
5.889999999999999858e+01,3.282388409609109203e+01,1.217000000000000028e+02,3.009309894034735144e-01,6.042671203613281250e+00,1.004708290100097656e+01
5.860000000000000142e+01,3.236989449696649501e+01,1.217999999999999972e+02,1.453159569263257733e+00,7.435607910156250000e+00,1.010908365249633789e+01
5.879999999999999716e+01,3.074955138375875663e+01,1.215000000000000000e+02,2.706418397984331481e+00,9.390707015991210938e+00,9.226095676422119141e+00
5.829999999999999716e+01,3.133180471284487112e+01,1.217999999999999972e+02,3.378031374508952300e+00,7.878761291503906250e+00,1.006367683410644531e+01
5.810000000000000142e+01,3.041141354744474867e+01,1.217999999999999972e+02,4.483363824974479606e+00,7.014245986938476562e+00,9.894707202911376953e+00
5.789999999999999858e+01,3.027306554083564549e+01,1.217999999999999972e+02,3.129935580777729598e+00,4.230537414550781250e+00,1.045070648193359375e+01
5.829999999999999716e+01,3.116093678772082853e+01,1.217999999999999972e+02,3.610654717553937854e+00,5.765571594238281250e+00,1.075891971588134766e+01
5.829999999999999716e+01,2.936444611369488555e+01,1.215000000000000000e+02,5.106188537072570810e+00,5.925436019897460938e+00,1.022022008895874023e+01
5.860000000000000142e+01,2.894759093391786919e+01,1.212999999999999972e+02,5.388984563637007064e+00,5.711584091186523438e+00,9.950425624847412109e+00
5.829999999999999716e+01,3.026819672366168845e+01,1.215000000000000000e+02,6.027777978927543856e+00,5.576629638671875000e+00,9.696216583251953125e+00
5.829999999999999716e+01,2.766842273543580433e+01,1.212999999999999972e+02,6.875311358156030117e+00,5.003890991210937500e+00,1.016180515289306641e+01
5.900000000000000000e+01,2.505983021205628347e+01,1.207000000000000028e+02,5.901335273263393688e+00,4.924268722534179688e+00,9.778854846954345703e+00
5.970000000000000284e+01,2.545554762106905855e+01,1.205999999999999943e+02,4.746113342821870695e+00,4.901885986328125000e+00,1.050226449966430664e+01
5.939999999999999858e+01,2.594171460019813580e+01,1.207000000000000028e+02,5.288893802816208023e+00,3.616838455200195312e+00,9.954228401184082031e+00
5.989999999999999858e+01,2.504978239276143270e+01,1.205000000000000000e+02,5.253526699365624886e+00,3.175802230834960938e+00,1.054152488708496094e+01
6.150000000000000000e+01,2.424464605224287794e+01,1.200999999999999943e+02,4.667411387853499960e+00,1.344623565673828125e+00,1.047753810882568359e+01
6.089999999999999858e+01,2.451678208761189381e+01,1.200999999999999943e+02,6.496129819276964312e+00,2.700490951538085938e+00,1.043843507766723633e+01
5.889999999999999858e+01,3.541221709264763007e+01,1.212999999999999972e+02,2.068110745490335134e+01,4.872130393981933594e+01,0.000000000000000000e+00
5.889999999999999858e+01,3.747225576680593662e+01,1.215000000000000000e+02,2.023555524362866720e+01,4.928540229797363281e+01,0.000000000000000000e+00
5.950000000000000000e+01,3.629567889644945211e+01,1.210999999999999943e+02,2.000398711857347323e+01,4.848094940185546875e+01,0.000000000000000000e+00
5.889999999999999858e+01,3.831040290667376524e+01,1.215999999999999943e+02,2.087269153195946814e+01,4.994405746459960938e+01,0.000000000000000000e+00
5.889999999999999858e+01,3.771253036405386894e+01,1.215000000000000000e+02,2.061994308818674426e+01,4.919679641723632812e+01,0.000000000000000000e+00
6.010000000000000142e+01,3.599327216151985454e+01,1.210000000000000000e+02,1.952225657697766081e+01,5.092720031738281250e+01,0.000000000000000000e+00
6.089999999999999858e+01,3.465713747074255480e+01,1.205999999999999943e+02,1.905722788233248721e+01,5.325215339660644531e+01,0.000000000000000000e+00
6.089999999999999858e+01,3.271519454102595148e+01,1.202999999999999972e+02,1.850507239229830247e+01,5.233217239379882812e+01,0.000000000000000000e+00
6.010000000000000142e+01,3.253260621982087741e+01,1.205999999999999943e+02,1.876460864069175472e+01,5.367325782775878906e+01,0.000000000000000000e+00
6.150000000000000000e+01,3.051230327646493379e+01,1.200000000000000000e+02,1.755638064609019011e+01,5.452209472656250000e+01,0.000000000000000000e+00
6.150000000000000000e+01,3.009464941849547159e+01,1.197999999999999972e+02,1.875477018378248673e+01,5.232626914978027344e+01,0.000000000000000000e+00
6.010000000000000142e+01,3.264969888028297618e+01,1.204000000000000057e+02,1.981699517034864755e+01,5.214987754821777344e+01,0.000000000000000000e+00
5.939999999999999858e+01,3.264520169797825133e+01,1.207999999999999972e+02,2.003808916515198035e+01,5.212665557861328125e+01,0.000000000000000000e+00
5.920000000000000284e+01,3.097856118727316499e+01,1.205000000000000000e+02,2.124658645865313389e+01,5.215195655822753906e+01,0.000000000000000000e+00
5.860000000000000142e+01,3.126305843837344867e+01,1.209000000000000057e+02,2.223423551163867984e+01,5.389032363891601562e+01,0.000000000000000000e+00
5.939999999999999858e+01,2.911682035089410903e+01,1.202000000000000028e+02,2.098275075395327605e+01,5.164593696594238281e+01,0.000000000000000000e+00
5.889999999999999858e+01,3.006971410289994395e+01,1.205000000000000000e+02,2.151267080706207935e+01,4.931519508361816406e+01,4.695177078247070312e-02
5.889999999999999858e+01,3.092011234584168022e+01,1.207000000000000028e+02,2.003246835827294348e+01,5.196228981018066406e+01,2.447104454040527344e-01
5.889999999999999858e+01,3.063927847773578605e+01,1.207000000000000028e+02,2.038288293578352750e+01,5.132602691650390625e+01,0.000000000000000000e+00
5.920000000000000284e+01,2.908756639171556557e+01,1.205000000000000000e+02,1.945565543170405576e+01,5.296391487121582031e+01,3.514242172241210938e-01
5.920000000000000284e+01,2.933256344802761362e+01,1.202999999999999972e+02,2.077350376584205094e+01,5.527041435241699219e+01,0.000000000000000000e+00
5.889999999999999858e+01,3.128385661681280183e+01,1.207000000000000028e+02,2.103618177884263218e+01,5.528456687927246094e+01,0.000000000000000000e+00
5.889999999999999858e+01,3.042028879202559466e+01,1.205000000000000000e+02,2.119681786949880831e+01,5.422445297241210938e+01,0.000000000000000000e+00
5.829999999999999716e+01,3.359433354694586882e+01,1.212999999999999972e+02,2.253130666745277466e+01,5.467667579650878906e+01,0.000000000000000000e+00
5.829999999999999716e+01,3.294867064814074809e+01,1.212999999999999972e+02,2.167440605108532736e+01,5.221999168395996094e+01,6.122803688049316406e-01
5.920000000000000284e+01,3.207890433442143774e+01,1.207000000000000028e+02,2.082694853799284829e+01,5.141144752502441406e+01,1.166169643402099609e+00
5.860000000000000142e+01,3.197421457240501397e+01,1.210000000000000000e+02,2.081114049275773681e+01,5.250593185424804688e+01,3.609919548034667969e-01
5.860000000000000142e+01,3.089141787013769758e+01,1.209000000000000057e+02,2.099385626283463679e+01,5.156592369079589844e+01,8.846545219421386719e-01
5.789999999999999858e+01,3.076994860443952007e+01,1.210999999999999943e+02,2.108557255272416597e+01,5.372710227966308594e+01,0.000000000000000000e+00
5.750000000000000000e+01,3.260187515280670567e+01,1.215999999999999943e+02,2.165079726675580929e+01,5.290617942810058594e+01,0.000000000000000000e+00
5.710000000000000142e+01,3.183020927906412822e+01,1.217999999999999972e+02,2.257612964526568078e+01,5.400609016418457031e+01,2.427530288696289062e-01
5.650000000000000000e+01,3.299968493265583191e+01,1.222000000000000028e+02,2.338405210943362533e+01,5.241547584533691406e+01,4.646658897399902344e-01
5.620000000000000284e+01,3.229095282581347703e+01,1.224000000000000057e+02,2.291508200469855439e+01,5.010839462280273438e+01,5.171060562133789062e-01
4.300000000000000000e+01,1.596498924320986390e+01,1.217999999999999972e+02,2.088560543354592980e+01,9.968357086181640625e+00,1.963394522666931152e+01
4.260000000000000142e+01,1.537578116424343833e+01,1.220000000000000000e+02,2.178302011653975612e+01,8.481359481811523438e+00,1.904675722122192383e+01
4.260000000000000142e+01,1.553372864628570049e+01,1.220000000000000000e+02,2.001328795033381880e+01,1.104318618774414062e+01,1.857042074203491211e+01
4.260000000000000142e+01,1.572333864286754590e+01,1.222000000000000028e+02,2.055919287952704266e+01,9.125146865844726562e+00,1.854520082473754883e+01
4.220000000000000284e+01,1.548599831105203961e+01,1.799000000000000057e+02,1.963255821563327430e+01,9.048480987548828125e+00,1.852240443229675293e+01
4.200000000000000000e+01,1.533359898238638763e+01,1.799000000000000057e+02,1.817405765341571922e+01,8.376035690307617188e+00,1.935735940933227539e+01
4.200000000000000000e+01,1.553055823742836417e+01,1.799000000000000057e+02,1.874369347856873702e+01,7.542161941528320312e+00,1.969750165939331055e+01
4.220000000000000284e+01,1.624155521389229762e+01,1.799000000000000057e+02,1.937623762243584480e+01,8.343801498413085938e+00,1.954647541046142578e+01
4.250000000000000000e+01,1.721513606666814056e+01,1.799000000000000057e+02,2.104770002915085669e+01,8.812627792358398438e+00,1.920134067535400391e+01
4.250000000000000000e+01,1.925691014208045360e+01,1.799000000000000057e+02,2.044068768004621361e+01,1.020254135131835938e+01,1.944538950920104980e+01
4.260000000000000142e+01,2.050761801277927532e+01,1.799000000000000057e+02,2.026383310809735860e+01,1.210924148559570312e+01,1.966756582260131836e+01
4.229999999999999716e+01,2.112124772661652017e+01,1.799000000000000057e+02,1.826669017347012058e+01,1.108785629272460938e+01,1.971438050270080566e+01
4.250000000000000000e+01,1.938749760897800911e+01,1.799000000000000057e+02,1.999782767720206422e+01,1.101166725158691406e+01,2.049386024475097656e+01
4.279999999999999716e+01,2.201018968447554869e+01,1.799000000000000057e+02,1.995913269384789146e+01,1.228133201599121094e+01,1.968954324722290039e+01
4.260000000000000142e+01,2.374904240829003044e+01,1.799000000000000057e+02,1.826283020222387066e+01,1.433237075805664062e+01,2.009311437606811523e+01
4.229999999999999716e+01,2.404405693282366485e+01,1.799000000000000057e+02,1.813117085730035072e+01,1.277323722839355469e+01,2.080334186553955078e+01
4.220000000000000284e+01,2.417262047830139338e+01,1.799000000000000057e+02,1.698704774543056217e+01,1.477796554565429688e+01,2.070146322250366211e+01
4.229999999999999716e+01,2.361681995398889100e+01,1.799000000000000057e+02,1.682580353889395752e+01,1.313219070434570312e+01,2.167085170745849609e+01
4.220000000000000284e+01,2.595454096259242860e+01,1.799000000000000057e+02,1.445520550638505419e+01,1.272661209106445312e+01,2.145963191986083984e+01
4.229999999999999716e+01,2.573215515759937944e+01,1.799000000000000057e+02,1.608726059589359636e+01,1.488672256469726562e+01,2.105238199234008789e+01
4.229999999999999716e+01,2.619499468390204555e+01,1.799000000000000057e+02,1.678632703912211355e+01,1.373314857482910156e+01,2.086771488189697266e+01
4.220000000000000284e+01,2.529671647667483825e+01,1.799000000000000057e+02,1.617583201153649952e+01,1.447184562683105469e+01,2.121655941009521484e+01
4.200000000000000000e+01,2.542014653355824905e+01,1.799000000000000057e+02,1.562019256329307559e+01,1.288147926330566406e+01,2.178426265716552734e+01
4.189999999999999858e+01,2.360462830354287433e+01,1.799000000000000057e+02,1.545310434885233164e+01,1.185853004455566406e+01,2.196702241897583008e+01
4.179999999999999716e+01,2.270814494988732335e+01,1.799000000000000057e+02,1.553613571144717298e+01,1.377573013305664062e+01,2.187779903411865234e+01
4.139999999999999858e+01,2.185325069385344321e+01,1.799000000000000057e+02,1.417117370997754477e+01,1.182283401489257812e+01,2.280647993087768555e+01
4.120000000000000284e+01,1.948594198253030285e+01,1.799000000000000057e+02,1.293367237567891692e+01,9.640922546386718750e+00,2.247551918029785156e+01
4.120000000000000284e+01,1.758200642727616625e+01,1.799000000000000057e+02,1.391456228591614419e+01,9.207410812377929688e+00,2.287051200866699219e+01
4.120000000000000284e+01,1.806880277512675903e+01,1.799000000000000057e+02,1.237537416551337977e+01,8.852748870849609375e+00,2.303121566772460938e+01
4.120000000000000284e+01,1.679232535315888697e+01,1.799000000000000057e+02,1.229307771771895652e+01,1.043283462524414062e+01,2.335043430328369141e+01
4.120000000000000284e+01,1.613392274707863550e+01,1.799000000000000057e+02,1.135270237567406681e+01,1.160431861877441406e+01,2.285272598266601562e+01
4.120000000000000284e+01,1.751004021204818883e+01,1.799000000000000057e+02,1.117041204269198218e+01,9.984540939331054688e+00,2.288148641586303711e+01
4.120000000000000284e+01,1.493828472370263327e+01,1.799000000000000057e+02,1.175920774949880254e+01,9.791774749755859375e+00,2.326303958892822266e+01
4.120000000000000284e+01,1.545738317517500349e+01,1.799000000000000057e+02,1.124652790828553250e+01,1.028239250183105469e+01,2.266397953033447266e+01
4.120000000000000284e+01,1.540969508356691620e+01,1.799000000000000057e+02,1.200890940624755032e+01,1.083362579345703125e+01,2.262516975402832031e+01
4.120000000000000284e+01,1.532407897382121753e+01,1.799000000000000057e+02,1.267490911772551598e+01,1.253903388977050781e+01,2.164844512939453125e+01
4.100000000000000000e+01,1.266463962462194104e+01,1.799000000000000057e+02,1.349806584337997961e+01,1.199110984802246094e+01,2.100652217864990234e+01
4.100000000000000000e+01,1.138967910140101125e+01,1.799000000000000057e+02,1.482425917739756116e+01,1.249155998229980469e+01,2.055598258972167969e+01
4.100000000000000000e+01,1.144822225607761546e+01,1.799000000000000057e+02,1.421065548659522193e+01,1.091735839843750000e+01,2.127922773361206055e+01
4.100000000000000000e+01,7.416153866891878721e+00,1.799000000000000057e+02,1.595892169700999830e+01,9.127731323242187500e+00,2.159259557723999023e+01
4.100000000000000000e+01,6.270757006963782132e+00,1.799000000000000057e+02,1.541522410205886118e+01,8.531074523925781250e+00,2.153801918029785156e+01
4.079999999999999716e+01,6.027606682368853441e+00,1.799000000000000057e+02,1.348321969879633642e+01,1.028875350952148438e+01,2.104967594146728516e+01
4.100000000000000000e+01,7.211065686683458154e+00,1.799000000000000057e+02,1.316791496181868482e+01,1.166156768798828125e+01,2.135943412780761719e+01
4.100000000000000000e+01,1.227369763123732405e+01,1.799000000000000057e+02,1.156074063846147126e+01,1.185474395751953125e+01,2.121966123580932617e+01
4.100000000000000000e+01,1.277800395799244271e+01,1.799000000000000057e+02,1.169975049075829432e+01,1.000267028808593750e+01,2.077054977416992188e+01
4.100000000000000000e+01,1.324535004657719028e+01,1.799000000000000057e+02,1.142564536890618498e+01,1.066447257995605469e+01,2.129113197326660156e+01
4.120000000000000284e+01,1.429734917080680567e+01,1.799000000000000057e+02,1.237905795803597719e+01,8.893690109252929688e+00,2.104701519012451172e+01
4.120000000000000284e+01,1.171907521864540414e+01,1.799000000000000057e+02,1.381442832475717353e+01,7.813243865966796875e+00,2.152074813842773438e+01
4.120000000000000284e+01,1.200544911917664948e+01,1.799000000000000057e+02,1.365033914358822820e+01,5.720033645629882812e+00,2.190943717956542969e+01
4.120000000000000284e+01,1.545286578890583584e+01,1.799000000000000057e+02,1.214678890062748806e+01,7.956132888793945312e+00,2.115795612335205078e+01
4.120000000000000284e+01,1.671811093579662355e+01,1.799000000000000057e+02,1.167778154005304891e+01,8.543291091918945312e+00,2.142188072204589844e+01
4.120000000000000284e+01,3.073900598238988735e+01,1.799000000000000057e+02,5.866088267116399635e+00,3.089884757995605469e+01,9.623537063598632812e+00
4.120000000000000284e+01,3.128049258564420043e+01,1.799000000000000057e+02,5.515009182733683346e+00,3.058970451354980469e+01,9.808025360107421875e+00
4.120000000000000284e+01,3.054799927180217622e+01,1.799000000000000057e+02,6.724942567509216929e+00,3.289633750915527344e+01,9.910001754760742188e+00
4.139999999999999858e+01,3.052405504503553857e+01,1.799000000000000057e+02,7.848967968549357188e+00,3.193541526794433594e+01,1.043711900711059570e+01
4.150000000000000000e+01,3.015284963329654033e+01,1.799000000000000057e+02,9.228480993605071347e+00,3.122159004211425781e+01,1.119989395141601562e+01
4.150000000000000000e+01,2.860884229922861621e+01,1.799000000000000057e+02,1.025643421630707763e+01,3.058560371398925781e+01,1.135797023773193359e+01
4.179999999999999716e+01,2.939063734263684324e+01,1.799000000000000057e+02,1.111676990447955049e+01,2.980707168579101562e+01,1.178888320922851562e+01
4.160000000000000142e+01,3.046505876479756125e+01,1.799000000000000057e+02,9.511258465063916034e+00,2.913989067077636719e+01,1.244601488113403320e+01
4.179999999999999716e+01,2.959275432817977247e+01,1.799000000000000057e+02,1.137178691714338008e+01,2.989221572875976562e+01,1.183651685714721680e+01
4.160000000000000142e+01,2.917587063816054638e+01,1.799000000000000057e+02,1.165298548631365350e+01,3.078891754150390625e+01,1.098526954650878906e+01
4.179999999999999716e+01,2.976999160805243605e+01,1.799000000000000057e+02,1.177254966314082552e+01,3.192153930664062500e+01,1.107872486114501953e+01
4.170000000000000284e+01,2.650344111726985119e+01,1.799000000000000057e+02,1.340436947801214096e+01,3.378076553344726562e+01,1.086517095565795898e+01
4.179999999999999716e+01,2.771113741727249646e+01,1.799000000000000057e+02,1.238811968286041321e+01,3.313213348388671875e+01,1.043032407760620117e+01
4.170000000000000284e+01,2.927391859073597402e+01,1.799000000000000057e+02,1.116973416363178551e+01,3.558920860290527344e+01,9.759781360626220703e+00
4.139999999999999858e+01,2.673500975042468397e+01,1.799000000000000057e+02,1.071145975892003932e+01,3.267452239990234375e+01,9.746227264404296875e+00
4.139999999999999858e+01,2.622530660062336594e+01,1.799000000000000057e+02,1.158705022335904644e+01,3.238202095031738281e+01,9.935173988342285156e+00
4.139999999999999858e+01,2.635421285925980328e+01,1.799000000000000057e+02,1.155274563814859334e+01,3.010451316833496094e+01,1.052468299865722656e+01
4.120000000000000284e+01,2.363936952780701972e+01,1.799000000000000057e+02,1.146714796841078865e+01,3.183638572692871094e+01,1.046723842620849609e+01
4.120000000000000284e+01,2.365489786438378417e+01,1.799000000000000057e+02,1.188771144861797779e+01,3.008478164672851562e+01,1.086279153823852539e+01
6.260000000000000142e+01,1.866329780778658787e+01,1.192000000000000028e+02,4.600588915688114788e+00,2.411028861999511719e+01,7.629837989807128906e+00
4.220000000000000284e+01,4.004702044472786326e+01,1.799000000000000057e+02,7.700924395366662623e+00,3.803701400756835938e+00,1.785298109054565430e+01
6.010000000000000142e+01,1.932990423489607679e+01,1.199000000000000057e+02,2.126314667061704800e+00,3.912813186645507812e+01,1.560480356216430664e+01
6.010000000000000142e+01,2.065336735905988874e+01,1.200999999999999943e+02,1.794522394662877662e+00,4.151204109191894531e+01,1.523069143295288086e+01
5.889999999999999858e+01,2.200694953176535762e+01,1.205000000000000000e+02,2.392717189983847970e+00,3.966643333435058594e+01,1.566256523132324219e+01
5.939999999999999858e+01,2.402695940689842757e+01,1.205999999999999943e+02,1.321396208760309943e+00,3.759030342102050781e+01,1.546293973922729492e+01
5.920000000000000284e+01,2.356478190463894862e+01,1.205999999999999943e+02,2.168846409719776602e+00,3.783234596252441406e+01,1.469847679138183594e+01
5.920000000000000284e+01,2.217215698240110910e+01,1.204000000000000057e+02,3.252533821520626311e+00,4.040878295898437500e+01,1.423926353454589844e+01
5.829999999999999716e+01,2.293639259631353156e+01,1.207000000000000028e+02,4.262031170834351457e+00,3.916753768920898438e+01,1.489226341247558594e+01
5.789999999999999858e+01,2.437171112437794562e+01,1.210000000000000000e+02,3.653690259395665940e+00,3.865910530090332031e+01,1.546509981155395508e+01
5.739999999999999858e+01,2.513507004464359795e+01,1.212999999999999972e+02,4.658216017796278585e+00,3.799358367919921875e+01,1.546668052673339844e+01
5.750000000000000000e+01,2.680091562652937043e+01,1.215000000000000000e+02,4.954825337146076869e+00,3.880062103271484375e+01,1.600848913192749023e+01
5.770000000000000284e+01,2.528248654806118267e+01,1.212000000000000028e+02,4.009151365356720120e+00,3.613165855407714844e+01,1.603229045867919922e+01
5.829999999999999716e+01,2.399309788093603402e+01,1.209000000000000057e+02,2.692183959305499030e+00,3.334073066711425781e+01,1.635977268218994141e+01
5.860000000000000142e+01,2.260903433305578147e+01,1.205999999999999943e+02,3.235260670480738732e+00,3.314879417419433594e+01,1.634632110595703125e+01
5.860000000000000142e+01,2.266571890772000586e+01,1.207000000000000028e+02,4.114747507315156483e+00,3.355597496032714844e+01,1.653050541877746582e+01
5.860000000000000142e+01,2.204395898351566530e+01,1.205000000000000000e+02,3.614753683128387962e+00,3.359208106994628906e+01,1.670550346374511719e+01
5.829999999999999716e+01,2.228551236133323243e+01,1.207000000000000028e+02,4.247609148914458288e+00,3.268061637878417969e+01,1.663891792297363281e+01
5.789999999999999858e+01,2.151846293074589411e+01,1.207000000000000028e+02,4.571918113547446261e+00,3.089722633361816406e+01,1.733561515808105469e+01
5.739999999999999858e+01,2.105397786153756101e+01,1.207999999999999972e+02,5.105402002875206513e+00,3.046223640441894531e+01,1.779907941818237305e+01
5.770000000000000284e+01,2.153134100318373356e+01,1.207999999999999972e+02,3.730436668656241572e+00,3.218543052673339844e+01,1.694265842437744141e+01
5.689999999999999858e+01,2.202390150164042737e+01,1.210999999999999943e+02,4.429591146700769144e+00,3.052238464355468750e+01,1.662518978118896484e+01
5.720000000000000284e+01,1.902863414035303435e+01,1.207000000000000028e+02,4.384565039773073103e+00,3.076026916503906250e+01,1.705736041069030762e+01
5.700000000000000000e+01,1.937588110425532051e+01,1.207999999999999972e+02,4.992809066060987178e+00,3.091168403625488281e+01,1.627286434173583984e+01
5.710000000000000142e+01,1.737523117554938068e+01,1.205000000000000000e+02,6.376524661278747175e+00,3.206280708312988281e+01,1.576793432235717773e+01
5.679999999999999716e+01,1.765899442851917200e+01,1.205999999999999943e+02,7.402383802989210615e+00,3.310123443603515625e+01,1.553937435150146484e+01
5.739999999999999858e+01,1.738613650598746929e+01,1.202999999999999972e+02,6.394596015346417417e+00,3.268378257751464844e+01,1.640735149383544922e+01
5.750000000000000000e+01,1.631548844269688558e+01,1.202000000000000028e+02,7.122018220719677828e+00,3.065800666809082031e+01,1.662936806678771973e+01
5.739999999999999858e+01,1.530911753454395097e+01,1.200999999999999943e+02,7.381287580992859532e+00,2.865617752075195312e+01,1.671339750289916992e+01
5.829999999999999716e+01,1.475482776581129407e+01,1.197999999999999972e+02,6.331487385963738390e+00,2.695764541625976562e+01,1.662346601486206055e+01
5.770000000000000284e+01,1.674254804817984521e+01,1.200999999999999943e+02,7.477366641746721498e+00,2.872418403625488281e+01,1.642448425292968750e+01
5.860000000000000142e+01,1.635376674359687499e+01,1.197999999999999972e+02,6.781546226457413340e+00,3.004687309265136719e+01,1.571574211120605469e+01
5.810000000000000142e+01,1.596650377825063849e+01,1.200000000000000000e+02,6.887498625808681219e+00,2.728392601013183594e+01,1.645753860473632812e+01
5.879999999999999716e+01,1.705386832666827246e+01,1.197999999999999972e+02,6.243125813398097357e+00,2.911335945129394531e+01,1.669784903526306152e+01
5.939999999999999858e+01,1.573131124238343403e+01,1.195000000000000000e+02,5.363988045908848257e+00,2.904761314392089844e+01,1.716855049133300781e+01
5.889999999999999858e+01,1.664610805108025460e+01,1.197000000000000028e+02,6.586837455402734243e+00,3.194883346557617188e+01,1.591766834259033203e+01
5.970000000000000284e+01,1.464189060568530110e+01,1.192000000000000028e+02,6.106542889311001865e+00,2.900681495666503906e+01,1.641115665435791016e+01
6.010000000000000142e+01,1.197659314413503040e+01,1.187000000000000028e+02,6.728112250152204155e+00,2.999934196472167969e+01,1.588441371917724609e+01
6.010000000000000142e+01,1.215732935293447525e+01,1.187000000000000028e+02,7.301118439018368989e+00,3.141336441040039062e+01,1.511593341827392578e+01
6.089999999999999858e+01,1.020809036924276647e+01,1.180999999999999943e+02,5.923884054124002319e+00,3.038193702697753906e+01,1.602789640426635742e+01
6.029999999999999716e+01,1.192807839957381155e+01,1.185999999999999943e+02,7.056693930216145993e+00,3.128412246704101562e+01,1.514786243438720703e+01
5.989999999999999858e+01,1.137054559077401450e+01,1.185999999999999943e+02,7.590184661786883780e+00,3.084834098815917969e+01,1.583763122558593750e+01
6.089999999999999858e+01,8.900630682226424284e+00,1.179000000000000057e+02,6.153009273857474426e+00,2.937588691711425781e+01,1.534794092178344727e+01
6.029999999999999716e+01,1.007881784296638017e+01,1.180999999999999943e+02,7.731717871442834067e+00,2.728119850158691406e+01,1.612690448760986328e+01
6.110000000000000142e+01,8.378716245117633576e+00,1.175000000000000000e+02,7.761078011309233915e+00,2.621055603027343750e+01,1.572013854980468750e+01
6.029999999999999716e+01,1.086030613720679483e+01,1.180999999999999943e+02,8.971868611126364357e+00,2.651163101196289062e+01,1.591475009918212891e+01
6.050000000000000000e+01,1.085988590885187577e+01,1.180999999999999943e+02,9.568967127460140887e+00,2.712263107299804688e+01,1.644131660461425781e+01
6.010000000000000142e+01,1.079757630951741376e+01,1.180999999999999943e+02,9.629598761797454998e+00,2.572857856750488281e+01,1.642058849334716797e+01
6.050000000000000000e+01,1.028694775083738477e+01,1.179000000000000057e+02,9.648861144587995042e+00,2.552994728088378906e+01,1.634745597839355469e+01
6.089999999999999858e+01,1.068745616148842714e+01,1.179000000000000057e+02,8.277684034046357553e+00,2.709545135498046875e+01,1.649611234664916992e+01
6.029999999999999716e+01,9.440833449850142500e+00,1.179000000000000057e+02,9.386949004911983252e+00,2.857365608215332031e+01,1.666362285614013672e+01
6.150000000000000000e+01,7.972376674458516277e+00,1.170999999999999943e+02,8.548870441311454016e+00,3.108544349670410156e+01,1.701313018798828125e+01
6.150000000000000000e+01,7.261769743088630769e+00,9.270000000000000284e+01,8.984727050238628721e+00,3.028962135314941406e+01,1.691145658493041992e+01
4.250000000000000000e+01,2.001052167184871777e+01,1.799000000000000057e+02,2.559415627315612340e+01,4.384279251098632812e+01,1.235704421997070312e+01
4.229999999999999716e+01,2.043647342546734791e+01,1.799000000000000057e+02,2.481231018152438494e+01,4.562489509582519531e+01,1.260481357574462891e+01
5.639999999999999858e+01,2.431266336129278116e+01,1.210999999999999943e+02,1.844993699266556675e+01,1.336401939392089844e+01,1.217141628265380859e+01
5.650000000000000000e+01,2.730646746234119959e+01,1.215000000000000000e+02,1.827145906950666898e+01,1.296992301940917969e+01,1.254933118820190430e+01
5.650000000000000000e+01,2.492590747408608820e+01,1.210999999999999943e+02,1.919014549839178585e+01,1.303241729736328125e+01,1.187826633453369141e+01
5.710000000000000142e+01,2.529227971129606800e+01,1.207999999999999972e+02,1.958310302073720166e+01,1.231848716735839844e+01,1.166123867034912109e+01
5.739999999999999858e+01,2.379320100649490044e+01,1.204000000000000057e+02,1.866217497133003533e+01,1.256521224975585938e+01,1.109468936920166016e+01
5.789999999999999858e+01,2.284783943986385424e+01,1.202000000000000028e+02,1.714676387952491865e+01,1.225787162780761719e+01,1.144491672515869141e+01
5.829999999999999716e+01,2.232304248774335420e+01,1.199000000000000057e+02,1.661433893634924885e+01,9.726715087890625000e+00,1.103636741638183594e+01
5.920000000000000284e+01,2.153842702781008001e+01,1.195000000000000000e+02,1.585588913022478685e+01,1.096219062805175781e+01,1.084495782852172852e+01
5.950000000000000000e+01,1.906102017156010930e+01,1.189000000000000057e+02,1.608528279546542450e+01,1.227512359619140625e+01,1.144728660583496094e+01
5.860000000000000142e+01,1.997606025101003624e+01,1.194000000000000057e+02,1.664746257567635013e+01,1.356437683105468750e+01,1.125082492828369141e+01
5.939999999999999858e+01,2.043750018867776674e+01,1.190999999999999943e+02,1.646811071850803643e+01,1.505586624145507812e+01,1.029536008834838867e+01
5.939999999999999858e+01,1.942373644322211845e+01,1.187000000000000028e+02,1.771908748512260701e+01,1.732983589172363281e+01,1.057947874069213867e+01
5.939999999999999858e+01,2.046994778615421495e+01,1.192000000000000028e+02,1.667852740038959425e+01,1.672194480895996094e+01,1.089127540588378906e+01
5.920000000000000284e+01,2.302767814025891369e+01,1.195999999999999943e+02,1.734926442157014037e+01,1.962934494018554688e+01,1.091659545898437500e+01
5.920000000000000284e+01,2.368445136580310972e+01,1.197000000000000028e+02,1.842857050856871126e+01,2.209395408630371094e+01,1.111383676528930664e+01
5.860000000000000142e+01,2.170847348647556174e+01,1.194000000000000057e+02,1.918102006996961961e+01,2.245005607604980469e+01,1.106558561325073242e+01
5.860000000000000142e+01,2.016784204255229440e+01,1.189000000000000057e+02,1.981229366016072646e+01,2.059095382690429688e+01,1.185871601104736328e+01
5.889999999999999858e+01,2.138419141564251191e+01,1.190999999999999943e+02,1.959493166763753891e+01,2.038921356201171875e+01,1.249054431915283203e+01
5.920000000000000284e+01,2.202752449271096680e+01,1.190000000000000000e+02,2.026185050033776491e+01,2.218159675598144531e+01,1.275922060012817383e+01
5.950000000000000000e+01,2.051015868857218294e+01,1.187000000000000028e+02,1.883077704336614744e+01,2.320738792419433594e+01,1.242489814758300781e+01
6.029999999999999716e+01,2.223722231437757912e+01,1.190000000000000000e+02,1.810566216223587332e+01,2.560576438903808594e+01,1.209841012954711914e+01
6.110000000000000142e+01,2.163108133336834271e+01,1.187000000000000028e+02,1.716496281453408912e+01,2.442709922790527344e+01,1.212935924530029297e+01
6.150000000000000000e+01,2.155841500022528123e+01,1.184000000000000057e+02,1.837681487894623444e+01,2.275616645812988281e+01,1.180933952331542969e+01
6.089999999999999858e+01,2.053726280005714244e+01,9.650000000000000000e+01,1.863226002759797240e+01,2.105682373046875000e+01,1.153470516204833984e+01
6.150000000000000000e+01,2.004481017312474833e+01,9.579999999999999716e+01,1.825034900583604269e+01,2.293706893920898438e+01,1.084035396575927734e+01
6.089999999999999858e+01,1.987529131272093608e+01,9.579999999999999716e+01,1.883170900416209648e+01,2.187376976013183594e+01,1.126579761505126953e+01
6.029999999999999716e+01,2.024081422934283481e+01,9.640000000000000568e+01,1.926874472770075997e+01,2.291421890258789062e+01,1.181404113769531250e+01
5.989999999999999858e+01,2.048229095805976030e+01,9.629999999999999716e+01,1.998574311814740767e+01,2.081217765808105469e+01,1.128832340240478516e+01
5.989999999999999858e+01,1.988354618135925733e+01,9.609999999999999432e+01,1.957421665084709517e+01,1.875540733337402344e+01,1.168105125427246094e+01
6.050000000000000000e+01,1.971656702528513350e+01,9.540000000000000568e+01,1.906883766609633568e+01,1.988411903381347656e+01,1.106550216674804688e+01
6.050000000000000000e+01,1.748210149315697493e+01,9.250000000000000000e+01,1.794385679603688288e+01,1.992770195007324219e+01,1.065992593765258789e+01
6.089999999999999858e+01,1.523139107944617088e+01,9.020000000000000284e+01,1.638749400717713556e+01,2.203474998474121094e+01,1.022824048995971680e+01
5.970000000000000284e+01,1.538121709108178337e+01,9.050000000000000000e+01,1.742694685285888312e+01,2.266397476196289062e+01,1.006196022033691406e+01
5.939999999999999858e+01,1.648965703418748419e+01,9.140000000000000568e+01,1.849750532735529518e+01,2.178122520446777344e+01,9.609370231628417969e+00
5.889999999999999858e+01,1.883074620395609955e+01,9.409999999999999432e+01,2.034348856522050752e+01,2.132176399230957031e+01,9.957189559936523438e+00
5.889999999999999858e+01,1.938566986213221810e+01,9.409999999999999432e+01,2.099253141710253701e+01,2.099764823913574219e+01,1.008452415466308594e+01
5.970000000000000284e+01,1.907168999865241332e+01,9.340000000000000568e+01,2.001571818055007412e+01,2.119738578796386719e+01,1.044208526611328125e+01
5.939999999999999858e+01,1.874099677615133785e+01,9.340000000000000568e+01,1.972907925424417996e+01,2.033112525939941406e+01,1.021452188491821289e+01
6.050000000000000000e+01,1.965989511963548964e+01,9.450000000000000000e+01,1.918234831243119132e+01,2.193572998046875000e+01,9.587082862854003906e+00
6.229999999999999716e+01,1.838752949323004771e+01,9.350000000000000000e+01,1.679187350024325198e+01,2.178030014038085938e+01,9.519829750061035156e+00
6.329999999999999716e+01,1.625641829229218516e+01,9.270000000000000284e+01,1.433814647842647894e+01,2.122519493103027344e+01,9.976692199707031250e+00
6.329999999999999716e+01,1.721184379477604409e+01,9.409999999999999432e+01,1.475830611972638806e+01,2.333848953247070312e+01,9.383993148803710938e+00
6.260000000000000142e+01,1.815253593912516550e+01,9.509999999999999432e+01,1.563070668604709290e+01,2.479146003723144531e+01,9.903273582458496094e+00
6.150000000000000000e+01,1.889883676415266933e+01,9.629999999999999716e+01,1.675627724413023500e+01,2.544317245483398438e+01,9.099872112274169922e+00
6.260000000000000142e+01,1.796328498822127173e+01,9.629999999999999716e+01,1.503324470110366740e+01,2.775181770324707031e+01,9.019398689270019531e+00
6.229999999999999716e+01,1.825215430118220539e+01,9.790000000000000568e+01,1.500365818055039391e+01,2.653697967529296875e+01,8.600018024444580078e+00
6.089999999999999858e+01,1.762907963633072583e+01,9.759999999999999432e+01,1.581395643897773873e+01,2.367213249206542969e+01,9.157016277313232422e+00
6.089999999999999858e+01,1.781631782931954433e+01,9.720000000000000284e+01,1.604572591552184235e+01,2.384454727172851562e+01,8.856778144836425781e+00
6.150000000000000000e+01,1.732631813809807042e+01,9.650000000000000000e+01,1.524530520719966198e+01,2.241507530212402344e+01,9.186573028564453125e+00
6.150000000000000000e+01,1.413408315782636393e+01,9.340000000000000568e+01,1.392562045262471671e+01,2.156639099121093750e+01,9.602527618408203125e+00
6.089999999999999858e+01,1.294804551137876203e+01,9.170000000000000284e+01,1.361535023810815659e+01,2.175936698913574219e+01,9.460916519165039062e+00
4.820000000000000284e+01,8.661721693991288745e-03,1.799000000000000057e+02,1.976085184903807956e+01,1.963540077209472656e+01,1.939528465270996094e+01
4.820000000000000284e+01,5.612877013652409555e-03,7.500000000000000000e+01,1.965660478772654685e+01,1.875968933105468750e+01,1.914840459823608398e+01
4.260000000000000142e+01,3.171178258346233036e+01,1.799000000000000057e+02,9.952940263114975039e+00,4.278383255004882812e+00,2.068266868591308594e+01
4.229999999999999716e+01,2.905214739615959019e+01,1.799000000000000057e+02,1.104205500158272457e+01,3.549089431762695312e+00,2.128958463668823242e+01
4.229999999999999716e+01,2.964874051009492462e+01,1.799000000000000057e+02,1.149578057055276403e+01,4.801321029663085938e+00,2.159452199935913086e+01
4.220000000000000284e+01,2.866301003624938204e+01,1.799000000000000057e+02,1.253571680821000278e+01,7.082481384277343750e+00,2.114241600036621094e+01
4.189999999999999858e+01,2.984030860599040125e+01,1.799000000000000057e+02,1.024826628714905929e+01,6.285629272460937500e+00,2.190755844116210938e+01
4.179999999999999716e+01,2.623414165798963893e+01,1.799000000000000057e+02,1.192373279875033099e+01,5.424175262451171875e+00,2.217116594314575195e+01
4.179999999999999716e+01,2.781649237552723619e+01,1.799000000000000057e+02,1.088990523487090911e+01,8.267774581909179688e+00,2.099364995956420898e+01
4.170000000000000284e+01,2.692390861531708168e+01,1.799000000000000057e+02,1.200903428502829939e+01,6.842603683471679688e+00,2.148588418960571289e+01
4.189999999999999858e+01,2.855332534111793663e+01,1.799000000000000057e+02,1.117626210704553635e+01,5.241432189941406250e+00,2.206399679183959961e+01
4.189999999999999858e+01,2.690650935843559211e+01,1.799000000000000057e+02,1.296406444164216687e+01,7.183990478515625000e+00,2.106493473052978516e+01
4.220000000000000284e+01,2.743293661996577626e+01,1.799000000000000057e+02,1.437973203437605818e+01,5.307483673095703125e+00,2.187966823577880859e+01
4.200000000000000000e+01,2.493413429751304733e+01,1.799000000000000057e+02,1.534964340531910842e+01,3.243064880371093750e+00,2.212668180465698242e+01
4.260000000000000142e+01,1.639864643199221206e+00,1.187000000000000028e+02,1.024238847870983093e+01,1.307562828063964844e+01,1.950674295425415039e+01
4.279999999999999716e+01,3.557002120990755412e+00,1.190000000000000000e+02,9.182589635307488507e+00,1.285568237304687500e+01,2.024565219879150391e+01
4.279999999999999716e+01,7.956254352509013472e-01,1.184000000000000057e+02,1.035113534275321534e+01,1.405179977416992188e+01,2.058272123336791992e+01
4.560000000000000142e+01,3.872406485700010705e-03,7.500000000000000000e+01,7.391272741951494751e+00,1.391450881958007812e+01,2.136786937713623047e+01
4.300000000000000000e+01,1.598422920399355851e+00,1.180999999999999943e+02,8.556355394796637981e+00,1.154163360595703125e+01,2.198723316192626953e+01
4.279999999999999716e+01,1.878965466859402689e+00,1.187000000000000028e+02,9.187499318012283922e+00,1.051987648010253906e+01,2.279135704040527344e+01
4.479999999999999716e+01,6.383007725246865605e-03,1.185999999999999943e+02,1.005928349158344126e+01,1.145212173461914062e+01,2.230159997940063477e+01
4.820000000000000284e+01,6.005913379746097291e-03,7.500000000000000000e+01,9.412319688367235315e+00,1.335725784301757812e+01,2.266531944274902344e+01
4.200000000000000000e+01,1.861077592731847474e+01,1.220999999999999943e+02,1.636344551537236214e+01,2.717188835144042969e+01,1.153966426849365234e+01
4.200000000000000000e+01,1.980443333731906819e+01,1.799000000000000057e+02,1.523754395045596866e+01,2.611704826354980469e+01,1.105474948883056641e+01
4.200000000000000000e+01,1.891551423350074046e+01,1.799000000000000057e+02,1.633587730626759438e+01,2.683836936950683594e+01,1.174319028854370117e+01
4.220000000000000284e+01,1.952298151472254872e+01,1.220999999999999943e+02,1.684036189414325690e+01,2.752303123474121094e+01,1.151335716247558594e+01
4.229999999999999716e+01,1.913684457202088396e+01,1.215000000000000000e+02,1.608514033228324180e+01,2.688803672790527344e+01,1.088089704513549805e+01
4.250000000000000000e+01,2.184838878046104682e+01,1.217999999999999972e+02,1.617706833141297551e+01,2.884074211120605469e+01,1.099860668182373047e+01
4.229999999999999716e+01,2.355533406413324116e+01,1.799000000000000057e+02,1.587692913796991689e+01,2.938024520874023438e+01,1.052428245544433594e+01
4.229999999999999716e+01,2.478170845854688409e+01,1.799000000000000057e+02,1.399941574327654870e+01,2.687750816345214844e+01,1.063909530639648438e+01
4.200000000000000000e+01,2.515627978080581073e+01,1.799000000000000057e+02,1.274443877495137656e+01,2.574994087219238281e+01,1.030117273330688477e+01
4.189999999999999858e+01,2.367814665622846348e+01,1.799000000000000057e+02,1.355069399608798797e+01,2.857596397399902344e+01,1.030782222747802734e+01
4.200000000000000000e+01,2.426729470140229239e+01,1.799000000000000057e+02,1.294777476869594501e+01,3.081187248229980469e+01,1.062933206558227539e+01
4.200000000000000000e+01,2.259522563413492335e+01,1.799000000000000057e+02,1.426731704273877099e+01,2.827298164367675781e+01,1.123245716094970703e+01
4.220000000000000284e+01,2.689437894891604941e+01,1.799000000000000057e+02,1.295365926294407899e+01,2.989909172058105469e+01,1.166106224060058594e+01
4.220000000000000284e+01,2.498882146331985155e+01,1.799000000000000057e+02,1.273571593794655499e+01,2.719875335693359375e+01,1.265802860260009766e+01
4.200000000000000000e+01,2.522482728230536964e+01,1.799000000000000057e+02,1.200032203874615178e+01,2.853209495544433594e+01,1.261538982391357422e+01
4.200000000000000000e+01,2.647754592709830845e+01,1.799000000000000057e+02,1.202764184350471943e+01,2.783850669860839844e+01,1.331557273864746094e+01
4.220000000000000284e+01,2.839094205019895512e+01,1.799000000000000057e+02,1.131178256000382376e+01,2.609913825988769531e+01,1.282296180725097656e+01
4.229999999999999716e+01,2.871951233653626900e+01,1.799000000000000057e+02,1.177346997190479527e+01,2.673676490783691406e+01,1.213274717330932617e+01
4.220000000000000284e+01,3.167159843557512744e+01,1.799000000000000057e+02,9.577131465135433785e+00,2.701617240905761719e+01,1.240915298461914062e+01
4.250000000000000000e+01,3.528051504546713346e+01,1.799000000000000057e+02,8.020839277214440344e+00,2.524449348449707031e+01,1.284728050231933594e+01
4.260000000000000142e+01,3.711953277003360085e+01,1.799000000000000057e+02,6.994121487904207513e+00,2.396915435791015625e+01,1.307590961456298828e+01
4.260000000000000142e+01,3.788005148981680037e+01,1.799000000000000057e+02,5.683187525466162349e+00,2.327029228210449219e+01,1.333739757537841797e+01
4.229999999999999716e+01,3.637750137562589003e+01,1.799000000000000057e+02,6.490320884718238759e+00,2.558093070983886719e+01,1.231938123703002930e+01
4.239999999999999858e+01,3.532854026462964470e+01,1.799000000000000057e+02,7.388264353679576679e+00,2.459059715270996094e+01,1.297047138214111328e+01
4.229999999999999716e+01,3.457637875926893400e+01,1.799000000000000057e+02,8.126029550399987755e+00,2.262511253356933594e+01,1.372012376785278320e+01
4.220000000000000284e+01,3.641950265880194593e+01,1.799000000000000057e+02,6.817792526706338840e+00,2.052492141723632812e+01,1.360073328018188477e+01
4.229999999999999716e+01,3.530782698423064403e+01,1.799000000000000057e+02,7.400578335803392527e+00,1.963071823120117188e+01,1.406934738159179688e+01
4.220000000000000284e+01,3.493627771459311759e+01,1.799000000000000057e+02,7.050762063677693092e+00,1.729445457458496094e+01,1.410163879394531250e+01
4.229999999999999716e+01,3.369319468954194008e+01,1.799000000000000057e+02,8.840210658832454271e+00,1.516238212585449219e+01,1.382090568542480469e+01
4.229999999999999716e+01,3.382220133952542795e+01,1.799000000000000057e+02,9.241281796871174237e+00,1.511224746704101562e+01,1.347279310226440430e+01
4.220000000000000284e+01,3.195320401035319691e+01,1.799000000000000057e+02,9.480794914621299085e+00,1.762829780578613281e+01,1.301515579223632812e+01
4.229999999999999716e+01,3.365410151089682245e+01,1.799000000000000057e+02,8.765345651229301538e+00,1.792974472045898438e+01,1.285758256912231445e+01
4.200000000000000000e+01,3.042965532708759469e+01,1.799000000000000057e+02,1.001437265825915901e+01,1.936161994934082031e+01,1.264972448348999023e+01
4.229999999999999716e+01,3.251353213727454516e+01,1.799000000000000057e+02,1.047323288695696775e+01,2.147250175476074219e+01,1.194380760192871094e+01
4.260000000000000142e+01,3.353993353074665151e+01,1.799000000000000057e+02,9.615097257600533354e+00,2.338882446289062500e+01,1.107389926910400391e+01
4.260000000000000142e+01,3.163521711612445841e+01,1.799000000000000057e+02,1.195087858271670811e+01,2.545823097229003906e+01,1.075181007385253906e+01
4.260000000000000142e+01,3.119749503629243392e+01,1.799000000000000057e+02,1.239607207489871143e+01,2.395978927612304688e+01,1.157119274139404297e+01
4.279999999999999716e+01,2.973126912928806576e+01,1.799000000000000057e+02,1.463597884146522077e+01,2.497967720031738281e+01,1.190477371215820312e+01
4.229999999999999716e+01,2.897505808998707266e+01,1.799000000000000057e+02,1.356397989701927820e+01,2.530144691467285156e+01,1.210710287094116211e+01
4.200000000000000000e+01,2.550857030529381575e+01,1.799000000000000057e+02,1.460452322973924133e+01,2.646121025085449219e+01,1.217859268188476562e+01
4.200000000000000000e+01,2.602881747772077503e+01,1.799000000000000057e+02,1.359633613885918280e+01,2.657113075256347656e+01,1.266857385635375977e+01
4.179999999999999716e+01,2.314926640605083819e+01,1.799000000000000057e+02,1.481757465663649853e+01,2.757447242736816406e+01,1.282142639160156250e+01
4.179999999999999716e+01,2.597074466801448978e+01,1.799000000000000057e+02,1.338689884621114423e+01,3.047149658203125000e+01,1.311264038085937500e+01
4.200000000000000000e+01,2.857385891755424012e+01,1.799000000000000057e+02,1.271629901594674905e+01,3.321313858032226562e+01,1.206137180328369141e+01
4.220000000000000284e+01,2.860901875470630884e+01,1.799000000000000057e+02,1.349817893585965045e+01,3.103463172912597656e+01,1.270907878875732422e+01
4.220000000000000284e+01,3.172982806119018306e+01,1.799000000000000057e+02,1.155129258544211623e+01,3.011684417724609375e+01,1.288386821746826172e+01
4.200000000000000000e+01,3.053546455049857400e+01,1.799000000000000057e+02,1.132230622891406036e+01,3.057033538818359375e+01,1.222454071044921875e+01
4.160000000000000142e+01,2.626767738003995589e+01,1.799000000000000057e+02,1.267152212673670419e+01,3.191084861755371094e+01,1.282400608062744141e+01
4.200000000000000000e+01,2.748970430950806332e+01,1.799000000000000057e+02,1.358397562658850255e+01,3.183142662048339844e+01,1.358167886734008789e+01
4.139999999999999858e+01,2.442593947789680087e+01,1.799000000000000057e+02,1.389788668376373160e+01,2.989405632019042969e+01,1.381134748458862305e+01
4.179999999999999716e+01,2.759866104715659674e+01,1.799000000000000057e+02,1.270503475972529728e+01,3.071950912475585938e+01,1.347008466720581055e+01
5.939999999999999858e+01,2.254981210069247766e+01,1.202000000000000028e+02,9.309709169576933618e+00,1.059731483459472656e+01,1.462422370910644531e+01
5.939999999999999858e+01,2.061055954164625703e+01,1.199000000000000057e+02,1.008804273329771561e+01,9.466876983642578125e+00,1.496356248855590820e+01
5.920000000000000284e+01,2.016279458914179656e+01,1.197999999999999972e+02,1.113958316728660236e+01,1.005276679992675781e+01,1.457285881042480469e+01
5.920000000000000284e+01,2.128558840053360512e+01,1.200000000000000000e+02,1.054397512986585994e+01,7.670125961303710938e+00,1.467464208602905273e+01
6.089999999999999858e+01,1.963165978106073339e+01,1.194000000000000057e+02,9.403445675753875577e+00,9.085464477539062500e+00,1.504261016845703125e+01
6.229999999999999716e+01,1.886413468675874583e+01,1.189000000000000057e+02,9.214204261631538273e+00,7.992773056030273438e+00,1.479742050170898438e+01
6.260000000000000142e+01,2.011851522334417908e+01,1.192000000000000028e+02,8.203209238898525157e+00,7.279100418090820312e+00,1.545985698699951172e+01
6.150000000000000000e+01,2.190387593806289246e+01,1.195000000000000000e+02,9.338430815432896992e+00,6.012477874755859375e+00,1.585213661193847656e+01
6.229999999999999716e+01,2.115822225337323204e+01,1.192000000000000028e+02,1.079979133314189355e+01,4.408340454101562500e+00,1.579678535461425781e+01
6.260000000000000142e+01,1.915931175202838688e+01,1.187000000000000028e+02,1.058828581070616437e+01,3.631849288940429688e+00,1.562624931335449219e+01
6.329999999999999716e+01,1.778688509383677641e+01,1.184000000000000057e+02,9.454262056840988748e+00,4.689025878906250000e+00,1.531908273696899414e+01
6.329999999999999716e+01,1.699431799027799528e+01,1.180999999999999943e+02,9.967722146431080787e+00,4.393634796142578125e+00,1.490463733673095703e+01
6.329999999999999716e+01,1.538558288682337150e+01,1.175000000000000000e+02,1.085115072962891958e+01,4.675493240356445312e+00,1.563488483428955078e+01
6.370000000000000284e+01,1.590383358541881975e+01,1.177999999999999972e+02,1.039552945277793583e+01,7.231054306030273438e+00,1.465838909149169922e+01
6.329999999999999716e+01,1.721197497160779832e+01,1.180999999999999943e+02,9.667671109837773002e+00,8.505668640136718750e+00,1.497368812561035156e+01
6.470000000000000284e+01,1.735243405276565198e+01,1.179000000000000057e+02,1.024189886158412222e+01,8.130702972412109375e+00,1.484956979751586914e+01
6.229999999999999716e+01,1.785925155883818860e+01,1.184000000000000057e+02,1.124682316662181059e+01,6.300649642944335938e+00,1.464263439178466797e+01
6.329999999999999716e+01,1.685586892981533680e+01,1.180999999999999943e+02,1.079169028002668718e+01,8.394947052001953125e+00,1.448643922805786133e+01
6.659999999999999432e+01,1.617436130615094214e+01,9.959999999999999432e+01,9.767038658347422242e+00,6.182613372802734375e+00,1.542159557342529297e+01
6.420000000000000284e+01,1.872257632680558714e+01,1.180999999999999943e+02,1.085522744366370596e+01,6.298427581787109375e+00,1.588233232498168945e+01
6.540000000000000568e+01,1.825723717941443525e+01,1.179000000000000057e+02,1.084422939708342781e+01,7.776346206665039062e+00,1.598193407058715820e+01
6.470000000000000284e+01,1.913321529525044795e+01,1.180999999999999943e+02,1.092755594856230594e+01,6.142225265502929688e+00,1.656057357788085938e+01
6.490000000000000568e+01,1.898885927513811467e+01,1.180999999999999943e+02,1.098759711123743799e+01,7.781810760498046875e+00,1.663079857826232910e+01
6.540000000000000568e+01,2.069738720345094407e+01,1.184000000000000057e+02,9.987823094512716438e+00,5.669355392456054688e+00,1.666380882263183594e+01
6.540000000000000568e+01,1.879446130331088227e+01,1.179000000000000057e+02,1.113983795006804733e+01,3.917417526245117188e+00,1.633586168289184570e+01
6.420000000000000284e+01,1.937558993174337729e+01,1.180999999999999943e+02,1.126525947681070328e+01,3.971252441406250000e+00,1.657581686973571777e+01
6.490000000000000568e+01,1.927911068178178766e+01,1.180999999999999943e+02,1.051952607308777488e+01,1.967706680297851562e+00,1.631678342819213867e+01
6.540000000000000568e+01,1.744626869642675615e+01,9.950000000000000000e+01,1.124165069458264909e+01,1.569213867187500000e+00,1.697770595550537109e+01
4.170000000000000284e+01,6.665862122708841042e+00,7.500000000000000000e+01,1.843962923607019277e+01,2.423968315124511719e+01,1.955262780189514160e+01
4.150000000000000000e+01,8.549066407342110097e+00,7.500000000000000000e+01,2.088776418290341041e+01,2.501853942871093750e+01,1.880188465118408203e+01
4.150000000000000000e+01,9.750968263925605228e+00,7.500000000000000000e+01,2.204728345397514744e+01,2.469532966613769531e+01,1.914151191711425781e+01
4.150000000000000000e+01,1.041728920589804375e+01,7.500000000000000000e+01,2.157496832963523303e+01,2.534739494323730469e+01,1.887337207794189453e+01
4.179999999999999716e+01,1.088620802296150991e+01,7.500000000000000000e+01,2.042950708620680444e+01,2.383590698242187500e+01,1.844933032989501953e+01
4.170000000000000284e+01,1.341746902206310921e+01,7.500000000000000000e+01,2.323097903694954169e+01,2.604611396789550781e+01,1.866515398025512695e+01
4.189999999999999858e+01,1.333367823661700058e+01,7.500000000000000000e+01,2.228153073631745329e+01,2.827000617980957031e+01,1.885604500770568848e+01
4.170000000000000284e+01,1.156710142922417539e+01,7.500000000000000000e+01,2.166198845857984878e+01,2.667032241821289062e+01,1.911019563674926758e+01
4.160000000000000142e+01,1.085085166914575971e+01,7.500000000000000000e+01,2.213823611963314875e+01,2.644949913024902344e+01,1.930668354034423828e+01
4.139999999999999858e+01,1.073952988792061092e+01,7.500000000000000000e+01,2.198312099946335962e+01,2.482216835021972656e+01,1.975271224975585938e+01
4.139999999999999858e+01,9.254504704119545622e+00,7.500000000000000000e+01,2.223666596896851289e+01,2.323828697204589844e+01,1.990468740463256836e+01
4.139999999999999858e+01,1.158433945600713599e+01,7.500000000000000000e+01,2.379126583502038272e+01,2.316979408264160156e+01,1.988453626632690430e+01
4.139999999999999858e+01,9.694504993379348790e+00,7.500000000000000000e+01,2.271157359454681313e+01,2.204866409301757812e+01,2.041170597076416016e+01
4.139999999999999858e+01,9.594863499987727806e+00,7.500000000000000000e+01,2.352399596563733297e+01,2.383741378784179688e+01,2.078347206115722656e+01
4.150000000000000000e+01,9.009330917922204307e+00,7.500000000000000000e+01,2.219875004158966192e+01,2.125749588012695312e+01,2.092890739440917969e+01
4.139999999999999858e+01,1.093731902367030528e+01,7.500000000000000000e+01,2.468836132976296227e+01,2.186585426330566406e+01,2.142473697662353516e+01
4.120000000000000284e+01,8.262418353387461778e+00,7.500000000000000000e+01,2.343389993351431144e+01,2.085978507995605469e+01,2.216064691543579102e+01
4.139999999999999858e+01,4.846083675242548239e+00,7.500000000000000000e+01,2.165433521147644313e+01,2.102378845214843750e+01,2.291786909103393555e+01
4.139999999999999858e+01,8.507074916432934231e+00,7.500000000000000000e+01,2.346097881757053472e+01,1.878075599670410156e+01,2.341344356536865234e+01
4.120000000000000284e+01,8.436112436510489587e+00,7.500000000000000000e+01,2.548416947706667202e+01,1.675240516662597656e+01,2.296355724334716797e+01
4.120000000000000284e+01,8.168547558025689881e+00,7.500000000000000000e+01,2.483629435020175080e+01,1.560663223266601562e+01,2.376055002212524414e+01
4.120000000000000284e+01,5.567059910614558405e+00,7.500000000000000000e+01,2.397940074870301785e+01,1.368051528930664062e+01,2.429840326309204102e+01
4.120000000000000284e+01,3.522772714978757769e+00,7.500000000000000000e+01,2.227926401622944397e+01,1.164639472961425781e+01,2.442458868026733398e+01
4.139999999999999858e+01,7.090937085873971757e-01,7.500000000000000000e+01,2.106558890772944181e+01,1.308208465576171875e+01,2.397900581359863281e+01
4.120000000000000284e+01,3.442818754762739353e+00,7.500000000000000000e+01,2.239577391503305392e+01,1.540450096130371094e+01,2.310352802276611328e+01
4.139999999999999858e+01,4.083685559285959776e+00,7.500000000000000000e+01,2.072216653470658798e+01,1.321443557739257812e+01,2.391142368316650391e+01
4.120000000000000284e+01,5.572319498159535200e+00,7.500000000000000000e+01,2.264705237679497429e+01,1.132129669189453125e+01,2.389253377914428711e+01
4.139999999999999858e+01,1.476221870834985905e+00,7.500000000000000000e+01,2.078382503104920787e+01,1.024560928344726562e+01,2.413923263549804688e+01
4.139999999999999858e+01,1.746697212339387573e+00,7.500000000000000000e+01,1.977293549562334363e+01,1.169248580932617188e+01,2.388331413269042969e+01
4.139999999999999858e+01,2.828966189166210121e+00,7.500000000000000000e+01,2.113848676197940080e+01,1.389697074890136719e+01,2.413581848144531250e+01
4.139999999999999858e+01,2.394769441746064320e+00,7.500000000000000000e+01,2.141430804494131124e+01,1.356642723083496094e+01,2.493119716644287109e+01
4.139999999999999858e+01,1.530140120574182916e+00,7.500000000000000000e+01,2.155673667102047020e+01,1.539702415466308594e+01,2.472525119781494141e+01
4.139999999999999858e+01,1.440918567949193374e+00,7.500000000000000000e+01,2.081803523909476894e+01,1.733706474304199219e+01,2.481284618377685547e+01
4.150000000000000000e+01,1.687938222325308102e-01,7.500000000000000000e+01,1.857136418649216125e+01,1.543841361999511719e+01,2.441386699676513672e+01
4.160000000000000142e+01,1.979541153841072876e-01,7.500000000000000000e+01,1.801991551095449040e+01,1.343594551086425781e+01,2.485084056854248047e+01
4.160000000000000142e+01,1.432532595618196403e-01,7.500000000000000000e+01,1.823584689797079861e+01,1.305142402648925781e+01,2.532040596008300781e+01
4.050000000000000000e+01,7.181781695828414781e-03,7.500000000000000000e+01,1.793157036102317292e+01,1.394968032836914062e+01,2.478812456130981445e+01
4.139999999999999858e+01,4.517723335743978157e-03,7.500000000000000000e+01,1.736844857505130335e+01,1.634958267211914062e+01,2.489500999450683594e+01
4.320000000000000284e+01,1.823425262044725415e+01,1.210999999999999943e+02,8.345632569859887440e+00,1.910305976867675781e+01,2.151739120483398438e+01
4.339999999999999858e+01,1.932831626336680131e+01,1.212000000000000028e+02,7.359254294760081194e+00,1.626684188842773438e+01,2.199408769607543945e+01
4.300000000000000000e+01,1.846321712419049987e+01,1.214000000000000057e+02,8.425448384753593700e+00,1.551189422607421875e+01,2.141387701034545898e+01
4.260000000000000142e+01,1.841371139915824173e+01,1.215000000000000000e+02,9.876134502176315166e+00,1.745553016662597656e+01,2.030418395996093750e+01
4.260000000000000142e+01,1.911060808137413858e+01,1.217999999999999972e+02,1.111791729562474629e+01,1.558333396911621094e+01,2.111222028732299805e+01
4.260000000000000142e+01,1.866702806605125886e+01,1.217999999999999972e+02,1.041485317911599395e+01,1.691922187805175781e+01,2.037610054016113281e+01
4.260000000000000142e+01,1.560946724865905466e+01,1.212999999999999972e+02,1.116830200281781416e+01,1.768218040466308594e+01,2.083360910415649414e+01
4.279999999999999716e+01,1.619242608664503180e+01,1.210999999999999943e+02,1.132452306195399316e+01,1.848612785339355469e+01,1.991872072219848633e+01
4.260000000000000142e+01,1.776701385292791358e+01,1.215000000000000000e+02,1.221336817213215120e+01,1.784749984741210938e+01,1.972144007682800293e+01
4.229999999999999716e+01,1.731204985302059640e+01,1.217999999999999972e+02,1.315859146978777439e+01,1.782864570617675781e+01,2.052579879760742188e+01
4.229999999999999716e+01,2.079024402603878485e+01,1.222000000000000028e+02,1.341727828993913896e+01,1.940144538879394531e+01,2.070095300674438477e+01
4.220000000000000284e+01,2.130625656096720633e+01,1.224000000000000057e+02,1.380627760881595023e+01,1.837279319763183594e+01,2.034161329269409180e+01
4.260000000000000142e+01,2.072223015030508009e+01,1.220999999999999943e+02,1.320588176309074413e+01,1.810029983520507812e+01,2.020740032196044922e+01
4.260000000000000142e+01,2.034308279284951837e+01,1.217999999999999972e+02,1.387798683506727926e+01,1.912204742431640625e+01,2.080197572708129883e+01
4.260000000000000142e+01,1.979609338025354859e+01,1.217999999999999972e+02,1.297135844563790563e+01,1.917448043823242188e+01,2.108542919158935547e+01
4.260000000000000142e+01,1.860611017444083259e+01,1.215000000000000000e+02,1.229011458842208171e+01,2.048645973205566406e+01,2.095816850662231445e+01
4.300000000000000000e+01,1.735180062217554209e+01,1.212000000000000028e+02,1.178235430439138298e+01,2.141342163085937500e+01,2.107153415679931641e+01
4.260000000000000142e+01,1.628906091435500159e+01,1.215000000000000000e+02,1.277717932947952484e+01,2.077467918395996094e+01,2.160045862197875977e+01
4.279999999999999716e+01,1.713898207734376911e+01,1.212999999999999972e+02,1.229796469721148000e+01,1.855691909790039062e+01,2.161052703857421875e+01
4.279999999999999716e+01,1.851670961883086264e+01,1.215000000000000000e+02,1.142466362703258653e+01,2.038950920104980469e+01,2.185176610946655273e+01
4.320000000000000284e+01,1.997363520896431055e+01,1.215000000000000000e+02,1.036786992466441504e+01,1.996665000915527344e+01,2.201002597808837891e+01
4.300000000000000000e+01,1.609873279567277748e+01,1.210000000000000000e+02,1.093050482577852911e+01,2.073576927185058594e+01,2.206972599029541016e+01
4.339999999999999858e+01,1.714478539854361827e+01,1.207999999999999972e+02,1.010330231723022898e+01,2.204253196716308594e+01,2.251026153564453125e+01
4.300000000000000000e+01,1.528531408602175112e+01,1.207999999999999972e+02,1.117663243455046995e+01,2.436858177185058594e+01,2.202415227890014648e+01
4.300000000000000000e+01,1.828835960678989636e+01,1.212999999999999972e+02,1.134588983761598158e+01,2.373234748840332031e+01,2.191235303878784180e+01
4.300000000000000000e+01,1.933973267129961471e+01,1.215000000000000000e+02,1.014690888123722345e+01,2.275711059570312500e+01,2.196150541305541992e+01
4.260000000000000142e+01,1.670024249151171958e+01,1.215000000000000000e+02,1.107056545379237988e+01,2.436398506164550781e+01,2.252924442291259766e+01
4.260000000000000142e+01,1.554831869466961081e+01,1.210999999999999943e+02,1.130143610530049969e+01,2.511883735656738281e+01,2.177635669708251953e+01
4.229999999999999716e+01,1.095411759842355615e+01,1.205000000000000000e+02,1.170092470526778072e+01,2.588450431823730469e+01,2.175940990447998047e+01
4.260000000000000142e+01,1.095163125400295812e+01,1.202000000000000028e+02,1.115194738074098346e+01,2.830586433410644531e+01,2.138509750366210938e+01
4.100000000000000000e+01,1.318025600758689642e+01,1.799000000000000057e+02,1.043064478294970066e+01,1.494572639465332031e+01,1.031231403350830078e+01
4.079999999999999716e+01,1.348708109026516055e+01,1.799000000000000057e+02,1.039950403559285164e+01,1.712233543395996094e+01,9.648554325103759766e+00
4.100000000000000000e+01,1.400479154737174881e+01,1.799000000000000057e+02,1.042269512145052701e+01,1.713978767395019531e+01,9.185941219329833984e+00
4.079999999999999716e+01,1.480107301527385566e+01,1.799000000000000057e+02,9.096066300363466084e+00,1.752493858337402344e+01,8.452839851379394531e+00
4.079999999999999716e+01,1.305986706230510919e+01,1.799000000000000057e+02,9.968404774335034801e+00,1.912165641784667969e+01,8.250854015350341797e+00
4.079999999999999716e+01,1.421965458814033845e+01,1.799000000000000057e+02,9.884342331690936234e+00,1.854475975036621094e+01,8.212611675262451172e+00
4.079999999999999716e+01,1.587630232199233227e+01,1.799000000000000057e+02,1.084808918420366908e+01,1.678261756896972656e+01,8.946766853332519531e+00
4.100000000000000000e+01,1.358268071191141679e+01,1.799000000000000057e+02,1.175332277118140922e+01,1.469177246093750000e+01,9.772157669067382812e+00
4.079999999999999716e+01,1.045300595760842732e+01,1.799000000000000057e+02,1.165915459541476018e+01,1.530751228332519531e+01,9.743580818176269531e+00
4.079999999999999716e+01,1.274223251811877944e+01,1.799000000000000057e+02,1.062541894126784747e+01,1.605821609497070312e+01,9.097776412963867188e+00
4.100000000000000000e+01,1.228336811676759233e+01,1.799000000000000057e+02,1.220326037955304344e+01,1.551642417907714844e+01,8.661148548126220703e+00
4.100000000000000000e+01,1.528748894554040128e+01,1.799000000000000057e+02,1.159222286447965367e+01,1.531912803649902344e+01,7.977576255798339844e+00
4.100000000000000000e+01,1.633889030763560157e+01,1.799000000000000057e+02,1.196581360527700433e+01,1.339286804199218750e+01,8.331670761108398438e+00
4.100000000000000000e+01,1.314990625138184477e+01,1.799000000000000057e+02,1.295917198599967435e+01,1.415512084960937500e+01,8.622381687164306641e+00
4.079999999999999716e+01,1.538701328324551021e+01,1.799000000000000057e+02,1.112960130654057700e+01,1.492079734802246094e+01,7.979803085327148438e+00
4.079999999999999716e+01,1.483563259454267325e+01,1.799000000000000057e+02,1.045085763767351850e+01,1.523688316345214844e+01,7.796168327331542969e+00
4.079999999999999716e+01,1.319563672879325189e+01,1.799000000000000057e+02,1.251636989245085552e+01,1.642310142517089844e+01,7.525465488433837891e+00
4.100000000000000000e+01,1.154592167472739916e+01,1.799000000000000057e+02,1.389411492340343734e+01,1.464911460876464844e+01,7.164275646209716797e+00
4.100000000000000000e+01,1.231961010185390393e+01,1.799000000000000057e+02,1.457361804086118440e+01,1.535940170288085938e+01,7.473683357238769531e+00
4.079999999999999716e+01,1.233740785038614618e+01,1.799000000000000057e+02,1.304953645469817403e+01,1.393693923950195312e+01,8.173365592956542969e+00
4.100000000000000000e+01,1.294668205772128822e+01,1.799000000000000057e+02,1.247115020680123365e+01,1.338807106018066406e+01,8.352806568145751953e+00
4.079999999999999716e+01,1.456046630189648816e+01,1.799000000000000057e+02,1.195707021661854697e+01,1.321188926696777344e+01,8.438377380371093750e+00
4.079999999999999716e+01,1.526404902164040855e+01,1.799000000000000057e+02,1.164192734158231168e+01,1.372521400451660156e+01,7.558391094207763672e+00
4.079999999999999716e+01,1.664671759156551900e+01,1.799000000000000057e+02,1.109033585076924844e+01,1.243716239929199219e+01,7.361054420471191406e+00
4.079999999999999716e+01,1.663833884693661247e+01,1.799000000000000057e+02,1.094100961923939153e+01,1.403222084045410156e+01,6.350955963134765625e+00
4.079999999999999716e+01,1.820971947027264193e+01,1.799000000000000057e+02,1.082902153923697242e+01,1.382803916931152344e+01,6.904711723327636719e+00
4.079999999999999716e+01,1.809926370852180355e+01,1.799000000000000057e+02,1.094335523106262897e+01,1.447205543518066406e+01,6.134505271911621094e+00
4.079999999999999716e+01,1.507214837586928269e+01,1.799000000000000057e+02,1.276903265864545034e+01,1.654162406921386719e+01,6.333878040313720703e+00
4.079999999999999716e+01,1.824071942037073057e+01,1.799000000000000057e+02,1.106219886481609116e+01,1.508102416992187500e+01,6.882746219635009766e+00
4.079999999999999716e+01,1.990632128606159768e+01,1.799000000000000057e+02,1.075029489195196852e+01,1.681907653808593750e+01,6.582031250000000000e+00
4.079999999999999716e+01,1.901842917733824123e+01,1.799000000000000057e+02,9.446965530136671063e+00,1.911168098449707031e+01,6.963019371032714844e+00
4.070000000000000284e+01,1.848519807971669593e+01,1.799000000000000057e+02,8.253612147856161485e+00,1.826413154602050781e+01,7.522974014282226562e+00
4.070000000000000284e+01,1.829838562799515600e+01,1.799000000000000057e+02,7.453307469230794347e+00,1.605089187622070312e+01,7.467536926269531250e+00
4.070000000000000284e+01,1.788941051765550228e+01,1.799000000000000057e+02,6.642999457195331026e+00,1.360071182250976562e+01,7.567434310913085938e+00
4.260000000000000142e+01,2.582158988230062491e+01,1.799000000000000057e+02,2.191342866199827100e+01,4.154889106750488281e+01,1.175278663635253906e+01
4.279999999999999716e+01,2.489818786341667334e+01,1.799000000000000057e+02,2.290015125202743107e+01,4.254558563232421875e+01,1.231268882751464844e+01
4.279999999999999716e+01,2.549690402024831570e+01,1.799000000000000057e+02,2.165727469272908223e+01,4.496535301208496094e+01,1.156143665313720703e+01
4.320000000000000284e+01,2.577019862667917138e+01,1.799000000000000057e+02,2.291154956392832531e+01,4.744914054870605469e+01,1.142192363739013672e+01
4.360000000000000142e+01,2.369591896721738777e+01,1.215000000000000000e+02,2.464028672005277087e+01,4.766281127929687500e+01,1.133520364761352539e+01
4.320000000000000284e+01,2.449661835576547020e+01,1.799000000000000057e+02,2.339319753762276122e+01,4.932005882263183594e+01,1.145908832550048828e+01
4.360000000000000142e+01,2.479097228278490661e+01,1.217999999999999972e+02,2.405807941214974477e+01,4.728974342346191406e+01,1.175831079483032227e+01
4.360000000000000142e+01,2.602487913664372954e+01,1.799000000000000057e+02,2.401104782490696365e+01,4.813040733337402344e+01,1.099669218063354492e+01
4.360000000000000142e+01,2.449953867247560879e+01,1.799000000000000057e+02,2.555364651632678985e+01,4.797310829162597656e+01,1.133119106292724609e+01
4.339999999999999858e+01,2.500221877885305943e+01,1.799000000000000057e+02,2.463954860031954652e+01,4.571103096008300781e+01,1.232670307159423828e+01
4.300000000000000000e+01,2.266785437735534714e+01,1.799000000000000057e+02,2.562930687237961891e+01,4.775420188903808594e+01,1.165928840637207031e+01
4.320000000000000284e+01,2.152410710593267140e+01,1.799000000000000057e+02,2.721557054033599954e+01,4.769198417663574219e+01,1.250617027282714844e+01
4.339999999999999858e+01,2.350719430200070903e+01,1.799000000000000057e+02,2.601008040339818805e+01,5.035439491271972656e+01,1.234275817871093750e+01
4.320000000000000284e+01,2.271263794491060750e+01,1.799000000000000057e+02,2.589242810675386153e+01,5.000226020812988281e+01,1.157911777496337891e+01
4.279999999999999716e+01,2.062432087982929119e+01,1.799000000000000057e+02,2.693813492473755389e+01,4.775421142578125000e+01,1.241863727569580078e+01
4.260000000000000142e+01,1.926814914554685387e+01,1.799000000000000057e+02,2.718210567341608908e+01,4.840350151062011719e+01,1.188888788223266602e+01
4.300000000000000000e+01,1.919711427721708930e+01,7.500000000000000000e+01,2.724625386234707847e+01,4.578646659851074219e+01,1.219030618667602539e+01
4.260000000000000142e+01,2.033387943710481238e+01,1.799000000000000057e+02,2.779550275270343818e+01,4.427446365356445312e+01,1.235454559326171875e+01
4.300000000000000000e+01,2.052919968819866625e+01,1.799000000000000057e+02,2.848445035575416640e+01,4.269132614135742188e+01,1.268766164779663086e+01
4.260000000000000142e+01,1.872456763709687522e+01,7.500000000000000000e+01,2.778940140828797922e+01,4.202066421508789062e+01,1.287550210952758789e+01
4.260000000000000142e+01,1.923653521293000779e+01,1.799000000000000057e+02,2.778025873159156589e+01,3.941424369812011719e+01,1.392454147338867188e+01
4.260000000000000142e+01,1.889686157378866227e+01,1.799000000000000057e+02,2.865716379157412064e+01,4.089557647705078125e+01,1.407669544219970703e+01
4.250000000000000000e+01,1.922242590114855787e+01,1.799000000000000057e+02,2.809672630098057766e+01,4.311091423034667969e+01,1.436909437179565430e+01
4.320000000000000284e+01,2.090506993974243954e+01,1.799000000000000057e+02,2.881659560083474148e+01,4.058576583862304688e+01,1.419499397277832031e+01
4.320000000000000284e+01,1.821710366778573587e+01,7.500000000000000000e+01,2.656827609301958049e+01,4.121483802795410156e+01,1.455801248550415039e+01
4.260000000000000142e+01,1.766835889221263756e+01,7.500000000000000000e+01,2.753333948683609833e+01,3.908322334289550781e+01,1.495693922042846680e+01
4.260000000000000142e+01,1.663905253206419133e+01,7.500000000000000000e+01,2.637438527018021261e+01,3.877182006835937500e+01,1.432462692260742188e+01
4.279999999999999716e+01,1.579888859586312044e+01,7.500000000000000000e+01,2.451241653177499558e+01,4.015851974487304688e+01,1.465880393981933594e+01
4.300000000000000000e+01,1.657993488158427908e+01,7.500000000000000000e+01,2.502854863657871576e+01,4.194102287292480469e+01,1.392329692840576172e+01
5.579999999999999716e+01,1.548753098109642323e+01,7.500000000000000000e+01,2.261425379064760222e+01,4.173475265502929688e+01,1.367818832397460938e+01
5.579999999999999716e+01,1.578780729913934167e+01,7.500000000000000000e+01,2.289204621275023754e+01,4.397972106933593750e+01,1.341533184051513672e+01
4.070000000000000284e+01,1.564415877574983682e+01,1.799000000000000057e+02,1.438869216605591461e+01,3.591218948364257812e+01,1.747811079025268555e+01
4.070000000000000284e+01,1.752056357534551267e+01,1.799000000000000057e+02,1.374940660149580651e+01,3.620141029357910156e+01,1.769061088562011719e+01
4.070000000000000284e+01,1.682579152926060218e+01,1.799000000000000057e+02,1.358183284497490462e+01,3.505555152893066406e+01,1.848049163818359375e+01
4.079999999999999716e+01,1.805895858637067164e+01,1.799000000000000057e+02,1.481149937816642570e+01,3.396553993225097656e+01,1.920427083969116211e+01
4.079999999999999716e+01,1.905346517281726193e+01,1.799000000000000057e+02,1.585519434914777293e+01,3.492047309875488281e+01,1.932989358901977539e+01
4.079999999999999716e+01,1.884055942019953278e+01,1.799000000000000057e+02,1.512468008515454798e+01,3.668840408325195312e+01,1.860079050064086914e+01
4.079999999999999716e+01,1.966947387177683382e+01,1.799000000000000057e+02,1.373732179544465914e+01,3.870031356811523438e+01,1.841205596923828125e+01
4.079999999999999716e+01,2.110013136739764761e+01,1.799000000000000057e+02,1.426724499120230583e+01,3.773334503173828125e+01,1.805529832839965820e+01
4.079999999999999716e+01,1.857254207617389596e+01,1.799000000000000057e+02,1.493845873731823559e+01,3.517380714416503906e+01,1.766099691390991211e+01
4.100000000000000000e+01,1.789015178047494459e+01,1.799000000000000057e+02,1.503410856981478183e+01,3.708780288696289062e+01,1.820448875427246094e+01
4.079999999999999716e+01,1.606568850212331512e+01,1.799000000000000057e+02,1.406764056345619807e+01,3.499581336975097656e+01,1.790351271629333496e+01
4.079999999999999716e+01,1.684453375804301345e+01,1.799000000000000057e+02,1.320371287034395991e+01,3.373901367187500000e+01,1.866088151931762695e+01
4.079999999999999716e+01,1.926585246474613911e+01,1.799000000000000057e+02,1.362333232251037884e+01,3.490363121032714844e+01,1.853511571884155273e+01
4.100000000000000000e+01,1.879389991490512202e+01,1.799000000000000057e+02,1.472568750109880753e+01,3.384152412414550781e+01,1.816359519958496094e+01
4.100000000000000000e+01,1.963038536425213110e+01,1.799000000000000057e+02,1.400696746489310840e+01,3.321751594543457031e+01,1.781737804412841797e+01
4.100000000000000000e+01,1.796975968537296708e+01,1.799000000000000057e+02,1.586883794763155109e+01,3.171771049499511719e+01,1.842017412185668945e+01
4.100000000000000000e+01,2.224911329955504868e+01,1.799000000000000057e+02,1.471053592201382543e+01,3.358099937438964844e+01,1.811261296272277832e+01
4.100000000000000000e+01,2.384430856689593980e+01,1.799000000000000057e+02,1.325685216780243181e+01,3.564186096191406250e+01,1.792852044105529785e+01
4.100000000000000000e+01,2.657537035196428832e+01,1.799000000000000057e+02,1.230936088559326080e+01,3.497766494750976562e+01,1.724028706550598145e+01
4.100000000000000000e+01,2.719019845888110609e+01,1.799000000000000057e+02,1.100399023375176633e+01,3.712372779846191406e+01,1.770053863525390625e+01
4.079999999999999716e+01,2.596984168790517344e+01,1.799000000000000057e+02,1.106897505052453035e+01,3.510201454162597656e+01,1.751943707466125488e+01
4.079999999999999716e+01,2.578630414784392144e+01,1.799000000000000057e+02,1.170947127602498306e+01,3.735883712768554688e+01,1.701679348945617676e+01
4.079999999999999716e+01,2.572579260520735289e+01,1.799000000000000057e+02,1.214284403327989992e+01,3.611887931823730469e+01,1.724484205245971680e+01
4.100000000000000000e+01,2.357942033973604623e+01,1.799000000000000057e+02,1.288134977916048918e+01,3.517685890197753906e+01,1.668912887573242188e+01
4.100000000000000000e+01,2.170077203682787825e+01,1.799000000000000057e+02,1.348470421523738239e+01,3.733298301696777344e+01,1.710155487060546875e+01
4.100000000000000000e+01,2.113182507755826833e+01,1.799000000000000057e+02,1.429221256819771213e+01,3.781467437744140625e+01,1.733310699462890625e+01
4.100000000000000000e+01,2.525024453160690996e+01,1.799000000000000057e+02,1.284808173887771865e+01,3.915734291076660156e+01,1.691518425941467285e+01
4.120000000000000284e+01,2.476920938327130983e+01,1.799000000000000057e+02,1.393793310676266017e+01,3.936696052551269531e+01,1.653888225555419922e+01
4.120000000000000284e+01,2.736767834855716330e+01,1.799000000000000057e+02,1.337045441278126923e+01,4.020276069641113281e+01,1.650019645690917969e+01
4.120000000000000284e+01,2.801339567614400394e+01,1.799000000000000057e+02,1.309189365304638741e+01,3.787037849426269531e+01,1.629981040954589844e+01
4.120000000000000284e+01,3.004989430191185562e+01,1.799000000000000057e+02,1.206911206728733887e+01,3.839763641357421875e+01,1.558718919754028320e+01
4.120000000000000284e+01,3.234924588284643221e+01,1.799000000000000057e+02,1.010622419295768637e+01,3.990008354187011719e+01,1.605909824371337891e+01
4.120000000000000284e+01,2.975967178793732515e+01,1.799000000000000057e+02,1.079108164853558982e+01,4.064191818237304688e+01,1.617643356323242188e+01
4.120000000000000284e+01,2.869411549667227490e+01,1.799000000000000057e+02,1.130231265343780755e+01,3.960280418395996094e+01,1.603406906127929688e+01
4.120000000000000284e+01,2.739459855166984070e+01,1.799000000000000057e+02,1.170340410795989428e+01,3.891668319702148438e+01,1.671353816986083984e+01
4.100000000000000000e+01,2.894001380940438040e+01,1.799000000000000057e+02,1.102148830489632303e+01,3.833498954772949219e+01,1.709609746932983398e+01
4.120000000000000284e+01,2.679764039211871918e+01,1.799000000000000057e+02,1.293671359136299515e+01,3.886423110961914062e+01,1.729549527168273926e+01
4.120000000000000284e+01,2.825037991212942856e+01,1.799000000000000057e+02,1.257568458029271952e+01,4.134510993957519531e+01,1.739837646484375000e+01
4.120000000000000284e+01,3.045399907758461211e+01,1.799000000000000057e+02,1.198214622403141760e+01,3.953396797180175781e+01,1.728426218032836914e+01
4.120000000000000284e+01,2.965689979711697433e+01,1.799000000000000057e+02,1.213311190415274510e+01,3.936953544616699219e+01,1.689236879348754883e+01
4.139999999999999858e+01,2.941102839308400974e+01,1.799000000000000057e+02,1.381653132276814588e+01,3.669776916503906250e+01,1.810266256332397461e+01
4.120000000000000284e+01,2.758985836930888169e+01,1.799000000000000057e+02,1.495568160392682877e+01,3.637849807739257812e+01,1.740934133529663086e+01
4.100000000000000000e+01,2.603684169464193232e+01,1.799000000000000057e+02,1.401263143167808423e+01,3.438563346862792969e+01,1.734635114669799805e+01
4.120000000000000284e+01,2.658405134385990110e+01,1.799000000000000057e+02,1.534312295902519985e+01,3.614997863769531250e+01,1.743062376976013184e+01
4.120000000000000284e+01,2.560680355713915191e+01,1.799000000000000057e+02,1.636125914584202334e+01,3.741730690002441406e+01,1.756900429725646973e+01
4.120000000000000284e+01,2.562010496702841778e+01,1.799000000000000057e+02,1.671125956143412949e+01,3.638412475585937500e+01,1.706910014152526855e+01
4.100000000000000000e+01,2.337627491199416951e+01,1.799000000000000057e+02,1.641751927127676325e+01,3.883433341979980469e+01,1.689864397048950195e+01
4.120000000000000284e+01,2.641381816560752682e+01,1.799000000000000057e+02,1.511074925286056825e+01,3.755446434020996094e+01,1.648748874664306641e+01
4.100000000000000000e+01,2.681216129819167548e+01,1.799000000000000057e+02,1.417088128394689939e+01,3.749761581420898438e+01,1.648501634597778320e+01
4.079999999999999716e+01,2.532229449210757011e+01,1.799000000000000057e+02,1.297216491861372134e+01,3.574860572814941406e+01,1.625869512557983398e+01
4.079999999999999716e+01,2.545855738086341802e+01,1.799000000000000057e+02,1.252005199222226040e+01,3.405669212341308594e+01,1.607319593429565430e+01
5.550000000000000000e+01,2.912960807235514338e+01,1.799000000000000057e+02,2.415743229181486385e+01,1.518456459045410156e+01,1.750264525413513184e+01
5.579999999999999716e+01,3.199312660803705199e+01,1.795999999999999943e+02,2.287033129003040344e+01,1.315589904785156250e+01,1.795665502548217773e+01
5.579999999999999716e+01,3.057147381505695094e+01,1.795999999999999943e+02,2.370385559324533631e+01,1.496087074279785156e+01,1.773268103599548340e+01
5.550000000000000000e+01,3.289564005266152691e+01,1.799000000000000057e+02,2.232452121733820860e+01,1.296950340270996094e+01,1.820091962814331055e+01
5.560000000000000142e+01,3.309285645186732694e+01,1.798000000000000114e+02,2.276157473919344199e+01,1.245589256286621094e+01,1.844045996665954590e+01
5.560000000000000142e+01,3.104561944612490976e+01,1.795999999999999943e+02,2.337450038555436294e+01,1.322658538818359375e+01,1.849185347557067871e+01
5.529999999999999716e+01,3.030978962947591526e+01,1.799000000000000057e+02,2.344273165216765520e+01,1.349713325500488281e+01,1.893498420715332031e+01
5.539999999999999858e+01,2.745290999757285988e+01,1.220999999999999943e+02,2.400586252168895385e+01,1.480079650878906250e+01,1.930583238601684570e+01
5.600000000000000000e+01,2.796850152414172541e+01,1.217999999999999972e+02,2.342196337297334097e+01,1.749162673950195312e+01,1.892357468605041504e+01
5.629999999999999716e+01,2.961335021026546244e+01,1.217999999999999972e+02,2.284234801589209241e+01,1.539429664611816406e+01,1.936363339424133301e+01
5.600000000000000000e+01,3.047206802783999890e+01,1.222000000000000028e+02,2.439267379984940476e+01,1.780191421508789062e+01,1.842539548873901367e+01
5.589999999999999858e+01,3.038346727070777220e+01,1.799000000000000057e+02,2.513451636689800495e+01,1.601085662841796875e+01,1.922666668891906738e+01
5.610000000000000142e+01,2.857982487462657417e+01,1.217999999999999972e+02,2.456035949602334512e+01,1.469763755798339844e+01,1.888692617416381836e+01
5.570000000000000284e+01,2.931828529399621885e+01,1.799000000000000057e+02,2.479611016529159429e+01,1.263045310974121094e+01,1.910972595214843750e+01
5.529999999999999716e+01,2.927990897610478171e+01,1.799000000000000057e+02,2.357160336179082805e+01,1.048822402954101562e+01,1.890965580940246582e+01
5.489999999999999858e+01,3.005854061258458998e+01,1.799000000000000057e+02,2.260956521942043196e+01,1.201114654541015625e+01,1.893838524818420410e+01
5.560000000000000142e+01,2.972935479205234799e+01,1.799000000000000057e+02,2.381991918187823742e+01,1.334030151367187500e+01,1.932306289672851562e+01
5.600000000000000000e+01,2.914122425190454280e+01,1.220000000000000000e+02,2.504068139137932292e+01,1.458933830261230469e+01,1.967621326446533203e+01
5.579999999999999716e+01,2.857715910184637664e+01,1.799000000000000057e+02,2.514654129815841799e+01,1.364779472351074219e+01,2.045038223266601562e+01
5.600000000000000000e+01,2.915605096657406747e+01,1.220000000000000000e+02,2.432862816587402577e+01,1.444570541381835938e+01,2.075628995895385742e+01
5.589999999999999858e+01,2.861964090698140950e+01,1.217999999999999972e+02,2.406139982835113500e+01,1.530677795410156250e+01,2.005263328552246094e+01
5.529999999999999716e+01,2.664459037404765951e+01,1.217999999999999972e+02,2.496257748063303339e+01,1.713366508483886719e+01,2.031008243560791016e+01
5.579999999999999716e+01,2.488782721009670595e+01,1.212999999999999972e+02,2.495207173506832277e+01,1.553457260131835938e+01,2.130817890167236328e+01
5.639999999999999858e+01,2.287236522893190127e+01,1.205999999999999943e+02,2.364097851881571088e+01,1.652085304260253906e+01,2.048025131225585938e+01
5.710000000000000142e+01,2.263873998118594955e+01,1.202000000000000028e+02,2.269240417503166185e+01,1.767604827880859375e+01,2.005637407302856445e+01
5.729999999999999716e+01,2.378039756414506201e+01,1.202999999999999972e+02,2.297685867926082537e+01,1.610214233398437500e+01,1.996680974960327148e+01
5.710000000000000142e+01,2.344690314725605873e+01,1.202999999999999972e+02,2.288127060839231319e+01,1.723843574523925781e+01,1.992624640464782715e+01
5.720000000000000284e+01,2.405032795968098824e+01,1.204000000000000057e+02,2.283813676000798409e+01,1.750258445739746094e+01,1.962660312652587891e+01
5.739999999999999858e+01,2.344236407760715935e+01,1.200999999999999943e+02,2.326577007042604350e+01,1.814952850341796875e+01,1.883738994598388672e+01
5.789999999999999858e+01,2.303881018822831450e+01,1.197999999999999972e+02,2.245747342933335133e+01,1.611390113830566406e+01,1.924900412559509277e+01
5.739999999999999858e+01,2.393391185074654004e+01,1.202999999999999972e+02,2.312364546214482885e+01,1.620006561279296875e+01,1.865869283676147461e+01
5.720000000000000284e+01,2.424459290815387646e+01,1.205000000000000000e+02,2.220129156902317646e+01,1.670459747314453125e+01,1.933636426925659180e+01
5.710000000000000142e+01,2.298572710583801637e+01,1.202999999999999972e+02,2.357486951951399234e+01,1.468392372131347656e+01,2.008854389190673828e+01
5.700000000000000000e+01,2.196806644666465758e+01,1.202999999999999972e+02,2.218921586522688116e+01,1.423266410827636719e+01,1.992847561836242676e+01
5.720000000000000284e+01,2.141892591023466608e+01,1.200999999999999943e+02,2.181170137235444884e+01,1.295537948608398438e+01,1.997223138809204102e+01
5.650000000000000000e+01,2.270937111081970272e+01,1.205999999999999943e+02,2.229362216571462341e+01,1.105258941650390625e+01,1.994304895401000977e+01
5.610000000000000142e+01,2.247396094266730415e+01,1.207999999999999972e+02,2.305788247694843562e+01,1.245728492736816406e+01,1.976634025573730469e+01
5.620000000000000284e+01,2.246543706057980927e+01,1.207000000000000028e+02,2.376698438748256947e+01,1.318736076354980469e+01,2.007956504821777344e+01
5.579999999999999716e+01,2.177402121237204469e+01,1.207999999999999972e+02,2.417372893956092028e+01,1.194909095764160156e+01,2.009334325790405273e+01
5.579999999999999716e+01,2.263807458566027009e+01,1.210000000000000000e+02,2.309822348453101526e+01,1.431251525878906250e+01,1.946941137313842773e+01
5.529999999999999716e+01,2.535401537722789200e+01,1.217999999999999972e+02,2.423498427542481437e+01,1.523794174194335938e+01,1.998950242996215820e+01
5.589999999999999858e+01,2.500124028081141958e+01,1.214000000000000057e+02,2.284020964374165885e+01,1.719766616821289062e+01,1.923589468002319336e+01
5.550000000000000000e+01,2.650579799815453441e+01,1.217999999999999972e+02,2.277493253658523642e+01,1.488867759704589844e+01,1.938938856124877930e+01
5.550000000000000000e+01,2.960063782528889575e+01,1.225000000000000000e+02,2.237035158779232091e+01,1.275362968444824219e+01,1.981109619140625000e+01
5.550000000000000000e+01,3.084166265921698269e+01,1.225000000000000000e+02,2.123075808348856697e+01,1.292417526245117188e+01,1.967665910720825195e+01
5.600000000000000000e+01,3.084395653635642987e+01,1.224000000000000057e+02,2.077824413637944900e+01,1.117135047912597656e+01,1.987479925155639648e+01
5.600000000000000000e+01,3.041525881079585858e+01,1.222000000000000028e+02,2.022851060398846101e+01,1.216643333435058594e+01,2.013656616210937500e+01
5.539999999999999858e+01,3.137888187544309204e+01,1.227999999999999972e+02,2.126638012618243323e+01,1.067685127258300781e+01,2.000288724899291992e+01
5.529999999999999716e+01,2.855278711284768178e+01,1.222000000000000028e+02,2.211987020057163988e+01,1.062620162963867188e+01,1.991440296173095703e+01
5.479999999999999716e+01,2.987735525199393294e+01,1.795999999999999943e+02,2.229371959222555688e+01,8.475894927978515625e+00,1.985693454742431641e+01
4.400000000000000000e+01,2.938283851808914804e+01,1.799000000000000057e+02,2.189827649489645722e+01,7.089271545410156250e+00,2.057439565658569336e+01
6.440000000000000568e+01,1.686397852094719596e+01,8.800000000000000000e+01,1.638687934337479746e+01,2.241784095764160156e+01,4.633390903472900391e+00
6.540000000000000568e+01,1.509774948925311477e+01,8.709999999999999432e+01,1.441865277353491237e+01,2.154482841491699219e+01,5.480501651763916016e+00
6.420000000000000284e+01,1.702212935448576303e+01,8.859999999999999432e+01,1.648769753576206654e+01,2.168681144714355469e+01,5.929181575775146484e+00
6.389999999999999858e+01,1.614642639410558900e+01,8.740000000000000568e+01,1.612035423719071403e+01,2.349331855773925781e+01,5.802028179168701172e+00
6.329999999999999716e+01,1.778924511513499596e+01,8.859999999999999432e+01,1.738250633085096197e+01,2.362812042236328125e+01,5.785989761352539062e+00
6.420000000000000284e+01,1.794798363592199308e+01,8.859999999999999432e+01,1.732515424354071953e+01,2.413151741027832031e+01,5.901107788085937500e+00
6.329999999999999716e+01,1.949082547253220454e+01,9.020000000000000284e+01,1.853425574923405605e+01,2.356648445129394531e+01,6.416542530059814453e+00
6.329999999999999716e+01,1.930708198824940069e+01,9.020000000000000284e+01,1.847933840234585645e+01,2.574698448181152344e+01,6.892471313476562500e+00
6.470000000000000284e+01,1.737892919163041583e+01,8.890000000000000568e+01,1.637237682224051483e+01,2.741605758666992188e+01,5.947792530059814453e+00
6.540000000000000568e+01,1.738335791422852594e+01,8.920000000000000284e+01,1.593202683334281211e+01,2.473793983459472656e+01,6.150960922241210938e+00
6.260000000000000142e+01,1.866801762063584036e+01,8.970000000000000284e+01,1.827783150575335114e+01,2.224266052246093750e+01,5.947995185852050781e+00
6.260000000000000142e+01,1.875079516354085030e+01,8.950000000000000000e+01,1.847520951955763024e+01,2.398115158081054688e+01,5.102040767669677734e+00
6.329999999999999716e+01,1.823060776816173245e+01,8.890000000000000568e+01,1.787926674932564453e+01,2.514325141906738281e+01,5.391707420349121094e+00
6.370000000000000284e+01,1.817184462555828617e+01,8.859999999999999432e+01,1.768624620931694480e+01,2.664560317993164062e+01,5.317254066467285156e+00
6.329999999999999716e+01,1.868473072088275089e+01,8.950000000000000000e+01,1.817733481691321629e+01,2.572464942932128906e+01,6.218771934509277344e+00
6.229999999999999716e+01,1.820842186509145932e+01,8.859999999999999432e+01,1.869219156176571062e+01,2.656747817993164062e+01,6.210052967071533203e+00
6.229999999999999716e+01,1.918032347240739099e+01,8.950000000000000000e+01,1.940578096771461247e+01,2.869105339050292969e+01,5.385553836822509766e+00
6.300000000000000000e+01,1.799602368866308666e+01,8.859999999999999432e+01,1.796223777302082425e+01,2.695139884948730469e+01,6.335031986236572266e+00
6.260000000000000142e+01,1.701827273302227184e+01,8.740000000000000568e+01,1.771498564888248239e+01,2.479162216186523438e+01,6.097617149353027344e+00
6.260000000000000142e+01,1.931249112748023933e+01,8.920000000000000284e+01,1.945775184800753976e+01,2.429665565490722656e+01,6.628642082214355469e+00
6.150000000000000000e+01,2.138067751320897969e+01,9.050000000000000000e+01,2.186407101852523382e+01,2.653916358947753906e+01,5.840020179748535156e+00
6.010000000000000142e+01,2.244957379167457745e+01,9.140000000000000568e+01,2.390160289021209650e+01,2.667175292968750000e+01,6.085851192474365234e+00
6.089999999999999858e+01,2.175784098619686091e+01,9.100000000000000000e+01,2.238489415716307107e+01,2.489010810852050781e+01,6.581971645355224609e+00
6.150000000000000000e+01,2.207774105557349031e+01,9.120000000000000284e+01,2.214230492957884167e+01,2.667377471923828125e+01,6.541521549224853516e+00
6.029999999999999716e+01,2.259572788961802559e+01,9.140000000000000568e+01,2.345265206923613022e+01,2.531394004821777344e+01,6.889817714691162109e+00
6.150000000000000000e+01,2.015634947110037345e+01,8.970000000000000284e+01,2.054241647672413507e+01,2.358196258544921875e+01,6.815481185913085938e+00
6.150000000000000000e+01,2.071936484611974194e+01,9.020000000000000284e+01,2.076034885980343603e+01,2.507970809936523438e+01,6.529507637023925781e+00
6.150000000000000000e+01,2.191048321904885654e+01,9.179999999999999716e+01,2.140077112756096156e+01,2.476368904113769531e+01,7.253606319427490234e+00
6.150000000000000000e+01,2.170796657615643355e+01,9.209999999999999432e+01,2.094706118042542897e+01,2.654377937316894531e+01,7.350142002105712891e+00
6.150000000000000000e+01,2.024031276645448330e+01,9.050000000000000000e+01,2.065192373899191125e+01,2.804469108581542969e+01,7.173545360565185547e+00
6.150000000000000000e+01,2.137485855755799946e+01,9.209999999999999432e+01,2.082608888776229605e+01,2.692857742309570312e+01,6.682882308959960938e+00
6.110000000000000142e+01,2.186057685681979024e+01,9.209999999999999432e+01,2.185385749734891903e+01,2.518103599548339844e+01,7.500319480895996094e+00
6.110000000000000142e+01,2.170950763209802403e+01,9.190000000000000568e+01,2.175501555225906003e+01,2.281610488891601562e+01,8.025367259979248047e+00
6.150000000000000000e+01,2.027041201831432105e+01,9.100000000000000000e+01,2.059535905747638651e+01,2.314974784851074219e+01,7.353978157043457031e+00
6.300000000000000000e+01,1.974962276186589349e+01,9.070000000000000284e+01,1.875550942702330914e+01,2.388428688049316406e+01,7.805063724517822266e+00
6.370000000000000284e+01,1.950803655742741327e+01,9.100000000000000000e+01,1.788570123634958975e+01,2.505877494812011719e+01,7.751815319061279297e+00
6.229999999999999716e+01,2.121814997931522129e+01,9.229999999999999716e+01,1.986097271493150274e+01,2.287938117980957031e+01,7.819292545318603516e+00
6.329999999999999716e+01,2.087365128411195059e+01,9.250000000000000000e+01,1.864781882344630759e+01,2.174545288085937500e+01,7.661571502685546875e+00
6.329999999999999716e+01,1.967310391332737041e+01,9.170000000000000284e+01,1.811719599197303765e+01,1.995369911193847656e+01,7.856650352478027344e+00
6.329999999999999716e+01,1.873722897271861498e+01,9.140000000000000568e+01,1.733883547478758658e+01,1.778534889221191406e+01,8.630852699279785156e+00
6.260000000000000142e+01,1.862699471930195116e+01,9.120000000000000284e+01,1.761440232385056603e+01,1.787259101867675781e+01,9.168395996093750000e+00
6.470000000000000284e+01,1.837310568473002803e+01,9.120000000000000284e+01,1.619727610251467098e+01,1.555654525756835938e+01,9.832537174224853516e+00
6.420000000000000284e+01,1.931187000579734558e+01,9.140000000000000568e+01,1.727090292584833975e+01,1.667687416076660156e+01,9.039704799652099609e+00
6.329999999999999716e+01,2.004320922186874654e+01,9.209999999999999432e+01,1.788075444762626276e+01,1.887686729431152344e+01,8.108632564544677734e+00
6.300000000000000000e+01,1.876591220418808348e+01,9.100000000000000000e+01,1.761522060079665053e+01,2.107576370239257812e+01,7.896490097045898438e+00
6.260000000000000142e+01,1.960370192262647393e+01,9.140000000000000568e+01,1.849318641522227935e+01,2.258179664611816406e+01,7.101535797119140625e+00
6.329999999999999716e+01,1.993267539469778882e+01,9.179999999999999716e+01,1.837103817073519707e+01,2.190711021423339844e+01,6.946425437927246094e+00
6.150000000000000000e+01,2.113834029688117155e+01,9.250000000000000000e+01,2.018604221968654855e+01,1.929713249206542969e+01,7.025504112243652344e+00
6.150000000000000000e+01,2.056088202077997451e+01,9.229999999999999716e+01,2.016143094213283504e+01,2.036113739013671875e+01,6.346585750579833984e+00
6.260000000000000142e+01,2.018319534215531874e+01,9.250000000000000000e+01,1.871832652677319331e+01,1.904458045959472656e+01,6.388998031616210938e+00
6.260000000000000142e+01,2.046810593979332182e+01,9.300000000000000000e+01,1.857125563357459441e+01,1.965482711791992188e+01,6.913990974426269531e+00
5.860000000000000142e+01,1.885220868151560225e+01,1.187000000000000028e+02,1.959007455764501771e+01,2.395907402038574219e+01,4.364991188049316406e+00
5.939999999999999858e+01,1.828469382029388868e+01,9.600000000000000000e+01,1.876930226298684801e+01,2.609359741210937500e+01,4.305484294891357422e+00
7.000000000000000000e+01,1.577142875828255342e+01,9.379999999999999716e+01,7.769785031785213292e+00,2.191907882690429688e+01,1.438521146774291992e+01
7.000000000000000000e+01,1.678946823284491430e+01,9.440000000000000568e+01,7.900761871509915046e+00,2.074979782104492188e+01,1.423148632049560547e+01
7.000000000000000000e+01,1.604232123138027077e+01,9.379999999999999716e+01,7.268865581899154549e+00,2.123238563537597656e+01,1.465355873107910156e+01
7.000000000000000000e+01,1.539276872674366814e+01,9.340000000000000568e+01,6.893056229397459767e+00,2.410193443298339844e+01,1.459253072738647461e+01
7.000000000000000000e+01,1.773861569354269108e+01,9.509999999999999432e+01,7.906858693813603622e+00,2.652209281921386719e+01,1.412523269653320312e+01
7.000000000000000000e+01,1.894999909695705753e+01,9.690000000000000568e+01,7.965203831237802845e+00,2.660156250000000000e+01,1.481893539428710938e+01
7.000000000000000000e+01,1.731403467103869787e+01,9.640000000000000568e+01,6.192824221952200503e+00,2.639880180358886719e+01,1.440105915069580078e+01
7.000000000000000000e+01,1.747883957074043337e+01,9.590000000000000568e+01,7.031441915428055189e+00,2.535806655883789062e+01,1.505540609359741211e+01
7.000000000000000000e+01,1.903940323786321542e+01,9.650000000000000000e+01,9.044186961632615152e+00,2.384261131286621094e+01,1.557202339172363281e+01
7.000000000000000000e+01,2.110843738663901092e+01,9.790000000000000568e+01,1.030939004975322604e+01,2.558396339416503906e+01,1.583558320999145508e+01
7.000000000000000000e+01,1.899014118754054081e+01,9.629999999999999716e+01,8.141813739032754071e+00,2.435050964355468750e+01,1.601460933685302734e+01
7.000000000000000000e+01,2.009959682266633152e+01,9.759999999999999432e+01,9.290288896532704399e+00,2.518219947814941406e+01,1.611805677413940430e+01
7.000000000000000000e+01,2.110320131002669797e+01,9.900000000000000000e+01,9.966555080193428395e+00,2.472772598266601562e+01,1.568370342254638672e+01
7.000000000000000000e+01,2.180918501049202263e+01,9.929999999999999716e+01,1.107355165121323282e+01,2.705397605895996094e+01,1.492858171463012695e+01
7.000000000000000000e+01,2.182064042316642727e+01,9.829999999999999716e+01,1.146463246986202478e+01,2.950524330139160156e+01,1.467169523239135742e+01
7.000000000000000000e+01,2.129548915086084904e+01,9.690000000000000568e+01,1.143673638894723688e+01,2.945090293884277344e+01,1.406466007232666016e+01
7.000000000000000000e+01,2.323482090701682878e+01,9.900000000000000000e+01,1.202788252211830766e+01,3.041649818420410156e+01,1.383314609527587891e+01
7.000000000000000000e+01,2.260933146982893405e+01,9.829999999999999716e+01,1.270481721374560458e+01,2.960715293884277344e+01,1.452476024627685547e+01
7.000000000000000000e+01,2.152682398504811800e+01,9.759999999999999432e+01,1.248246706736361489e+01,3.173869132995605469e+01,1.461441278457641602e+01
7.000000000000000000e+01,1.957279316014363957e+01,9.540000000000000568e+01,1.167109308934172418e+01,3.283265113830566406e+01,1.425056457519531250e+01
7.000000000000000000e+01,1.926621329065815047e+01,9.640000000000000568e+01,1.098429952478173988e+01,3.347947120666503906e+01,1.443022966384887695e+01
7.000000000000000000e+01,1.977980424528860226e+01,9.690000000000000568e+01,1.025709813050370656e+01,3.191785812377929688e+01,1.411822319030761719e+01
7.000000000000000000e+01,2.013873434083540559e+01,9.690000000000000568e+01,1.113516955184037194e+01,3.376144409179687500e+01,1.425265789031982422e+01
7.000000000000000000e+01,2.036275648942645944e+01,9.690000000000000568e+01,1.100271779523426119e+01,3.617766380310058594e+01,1.320760250091552734e+01
7.000000000000000000e+01,2.237124013843493131e+01,9.829999999999999716e+01,1.278504026098424617e+01,3.649183273315429688e+01,1.304880142211914062e+01
7.000000000000000000e+01,2.313495428066468662e+01,9.900000000000000000e+01,1.383530995733165980e+01,3.690750122070312500e+01,1.263873100280761719e+01
7.000000000000000000e+01,2.378040485514873481e+01,1.177000000000000028e+02,1.260945777110532795e+01,3.911093711853027344e+01,1.185273885726928711e+01
7.000000000000000000e+01,2.265335658823745035e+01,1.175000000000000000e+02,1.260261569692845818e+01,3.805984497070312500e+01,1.235684633255004883e+01
7.000000000000000000e+01,2.396214863614213897e+01,1.179000000000000057e+02,1.204196113719821781e+01,3.831411361694335938e+01,1.171031475067138672e+01
7.000000000000000000e+01,2.619650144787592083e+01,1.184000000000000057e+02,1.277448101981749140e+01,3.976943969726562500e+01,1.142769336700439453e+01
7.000000000000000000e+01,2.452846545700918313e+01,1.180999999999999943e+02,1.364634140781794969e+01,4.135751724243164062e+01,1.182840347290039062e+01
7.000000000000000000e+01,2.408855050413360743e+01,1.175000000000000000e+02,1.310996180976491488e+01,3.950638771057128906e+01,1.142828464508056641e+01
7.000000000000000000e+01,2.235287305052862195e+01,9.829999999999999716e+01,1.297066728319064666e+01,4.138669967651367188e+01,1.136734485626220703e+01
7.000000000000000000e+01,2.108000610654589124e+01,9.720000000000000284e+01,1.181354297475805026e+01,4.087681770324707031e+01,1.180078029632568359e+01
7.000000000000000000e+01,1.952839971009597164e+01,9.600000000000000000e+01,1.106182799616161461e+01,3.893846511840820312e+01,1.218851566314697266e+01
7.000000000000000000e+01,2.052982389955788278e+01,9.759999999999999432e+01,1.127976824760824393e+01,3.779989242553710938e+01,1.274044036865234375e+01
7.000000000000000000e+01,2.084419860129319346e+01,9.829999999999999716e+01,1.204775841478998188e+01,3.486757278442382812e+01,1.280709981918334961e+01
7.000000000000000000e+01,1.956550728208782530e+01,9.720000000000000284e+01,1.107308353519666433e+01,3.348831176757812500e+01,1.331615686416625977e+01
7.000000000000000000e+01,1.830526385920715882e+01,9.550000000000000000e+01,1.097299402304804339e+01,3.167597770690917969e+01,1.422247648239135742e+01
7.000000000000000000e+01,1.705934830160709481e+01,9.459999999999999432e+01,1.018160870535531792e+01,3.292000770568847656e+01,1.354741573333740234e+01
7.000000000000000000e+01,1.499880987828060519e+01,9.300000000000000000e+01,8.614278325634606048e+00,3.304574012756347656e+01,1.340166568756103516e+01
7.000000000000000000e+01,1.464255671458818853e+01,9.300000000000000000e+01,7.883306787119636283e+00,3.304088592529296875e+01,1.305498838424682617e+01
7.000000000000000000e+01,1.746196542198376633e+01,9.509999999999999432e+01,8.836176948666510711e+00,3.600083351135253906e+01,1.323876380920410156e+01
7.000000000000000000e+01,1.608902044993640246e+01,9.509999999999999432e+01,7.163449200820071638e+00,3.439040184020996094e+01,1.320913314819335938e+01
4.120000000000000284e+01,1.957330169049903290e+01,1.799000000000000057e+02,1.523501737863407435e+01,2.849912643432617188e+00,2.174272298812866211e+01
4.120000000000000284e+01,2.129990787047822920e+01,1.799000000000000057e+02,1.483777646879747891e+01,4.176588058471679688e+00,2.192632675170898438e+01
4.120000000000000284e+01,1.952023124280510658e+01,1.799000000000000057e+02,1.592685720783226344e+01,3.924140930175781250e+00,2.260575294494628906e+01
4.139999999999999858e+01,2.005860188809776545e+01,1.799000000000000057e+02,1.773308691006646143e+01,4.772462844848632812e+00,2.201839923858642578e+01
4.120000000000000284e+01,2.229917794598303971e+01,1.799000000000000057e+02,1.602825687194106052e+01,5.932254791259765625e+00,2.145516395568847656e+01
4.139999999999999858e+01,2.239352211152881722e+01,1.799000000000000057e+02,1.558370960888425039e+01,4.863758087158203125e+00,2.205432176589965820e+01
4.120000000000000284e+01,2.509747568081056812e+01,1.799000000000000057e+02,1.367626026023742547e+01,5.598993301391601562e+00,2.113116741180419922e+01
4.120000000000000284e+01,2.289861961903507748e+01,1.799000000000000057e+02,1.381211228078777786e+01,5.280494689941406250e+00,2.103218078613281250e+01
4.120000000000000284e+01,2.484115057409460903e+01,1.799000000000000057e+02,1.375053419313677949e+01,6.436691284179687500e+00,2.071596145629882812e+01
4.139999999999999858e+01,2.526753683280536222e+01,1.799000000000000057e+02,1.523428650372125404e+01,4.780673980712890625e+00,2.102150440216064453e+01
4.150000000000000000e+01,2.351067846000789530e+01,1.799000000000000057e+02,1.638951337346423642e+01,6.806859970092773438e+00,2.125623703002929688e+01
4.160000000000000142e+01,2.394704258586826739e+01,1.799000000000000057e+02,1.572180866753443418e+01,7.237644195556640625e+00,2.105310678482055664e+01
4.139999999999999858e+01,2.205547457347869411e+01,1.799000000000000057e+02,1.590415623181907634e+01,6.213951110839843750e+00,2.172880172729492188e+01
4.160000000000000142e+01,1.907303848503520172e+01,1.799000000000000057e+02,1.782079541997769923e+01,5.509967803955078125e+00,2.124200820922851562e+01
4.160000000000000142e+01,1.670208133302018183e+01,1.799000000000000057e+02,1.898258935294705196e+01,3.147554397583007812e+00,2.126300096511840820e+01
4.150000000000000000e+01,1.635317639996858929e+01,1.799000000000000057e+02,1.842263582639386144e+01,2.057409286499023438e+00,2.152276277542114258e+01
7.000000000000000000e+01,1.058067633588099454e+01,9.629999999999999716e+01,4.814938347737650837e+00,1.444676399230957031e+01,9.969384670257568359e+00
7.000000000000000000e+01,1.217757037965106903e+01,9.759999999999999432e+01,5.764794751596901357e+00,1.689652442932128906e+01,9.307637214660644531e+00
6.750000000000000000e+01,1.475310807089270071e+01,9.970000000000000284e+01,8.070785089843797167e+00,1.919365882873535156e+01,9.542508125305175781e+00
6.700000000000000000e+01,1.179234040315707155e+01,9.690000000000000568e+01,7.026714762979358930e+00,2.152908325195312500e+01,9.682283401489257812e+00
7.000000000000000000e+01,1.052148102747201364e+01,9.579999999999999716e+01,5.327615466375500652e+00,2.194572448730468750e+01,8.977534770965576172e+00
7.000000000000000000e+01,1.310908127886522578e+01,9.829999999999999716e+01,6.570524952370816685e+00,2.077818870544433594e+01,9.651019573211669922e+00
7.000000000000000000e+01,1.442555815100941530e+01,1.000000000000000000e+02,7.442841784820632078e+00,2.190557479858398438e+01,1.009836196899414062e+01
7.000000000000000000e+01,1.215281819545150555e+01,9.870000000000000284e+01,5.858509352762441225e+00,2.019654273986816406e+01,1.100555896759033203e+01
6.570000000000000284e+01,1.399166014026283378e+01,1.004000000000000057e+02,7.699560642807711019e+00,2.054572105407714844e+01,1.050672292709350586e+01
7.000000000000000000e+01,1.276903199721441773e+01,9.829999999999999716e+01,6.587228525513607380e+00,2.295323371887207031e+01,9.603304862976074219e+00
7.000000000000000000e+01,1.190946127294801826e+01,9.690000000000000568e+01,5.964036740055678187e+00,2.469484329223632812e+01,8.794865608215332031e+00
7.000000000000000000e+01,9.484454649767737777e+00,9.459999999999999432e+01,4.487741541715965177e+00,2.717682838439941406e+01,8.390250205993652344e+00
6.840000000000000568e+01,1.056641613021828796e+01,9.540000000000000568e+01,6.288230841080174827e+00,2.484770774841308594e+01,8.604650497436523438e+00
6.859999999999999432e+01,8.279181034957952434e+00,9.340000000000000568e+01,5.014736982667059806e+00,2.650343894958496094e+01,7.979094982147216797e+00
4.200000000000000000e+01,1.633619367390569366e+01,1.227999999999999972e+02,8.881357998451647973e+00,7.025671005249023438e+00,2.085259437561035156e+01
4.200000000000000000e+01,1.687540519400633343e+01,1.786999999999999886e+02,9.359304392310960452e+00,8.088083267211914062e+00,2.127049922943115234e+01
4.189999999999999858e+01,1.612977981604360167e+01,1.794000000000000057e+02,9.443855659401025449e+00,1.030752182006835938e+01,2.093797922134399414e+01
4.170000000000000284e+01,1.915760871324078707e+01,1.795999999999999943e+02,8.114126213456136938e+00,8.097286224365234375e+00,2.054696083068847656e+01
4.170000000000000284e+01,1.929254966442110231e+01,1.799000000000000057e+02,8.357116050444847843e+00,9.900112152099609375e+00,2.085851907730102539e+01
4.170000000000000284e+01,1.910805694739282856e+01,1.793000000000000114e+02,7.489912249670354960e+00,1.164162635803222656e+01,2.031427383422851562e+01
4.179999999999999716e+01,1.797834844202866122e+01,1.799000000000000057e+02,8.459044582829935877e+00,1.310362815856933594e+01,1.948343515396118164e+01
4.189999999999999858e+01,1.742623384951933829e+01,1.795999999999999943e+02,8.657635455332465924e+00,1.359116554260253906e+01,1.892644643783569336e+01
4.179999999999999716e+01,2.008954660607304987e+01,1.788000000000000114e+02,8.609356282588137788e+00,1.460106849670410156e+01,1.869387865066528320e+01
4.170000000000000284e+01,2.176866306500923542e+01,1.788000000000000114e+02,6.970473266972254223e+00,1.635214805603027344e+01,1.818181395530700684e+01
4.160000000000000142e+01,2.224386372678884527e+01,1.799000000000000057e+02,7.547161333138678430e+00,1.522358894348144531e+01,1.901787519454956055e+01
4.170000000000000284e+01,2.172859249822727890e+01,1.799000000000000057e+02,8.629956032632264851e+00,1.426697731018066406e+01,1.873914241790771484e+01
4.200000000000000000e+01,2.094044880086643445e+01,1.788000000000000114e+02,1.042484386997765178e+01,1.392331123352050781e+01,1.875401496887207031e+01
4.160000000000000142e+01,2.195526675753785995e+01,1.799000000000000057e+02,7.686242354083815620e+00,1.200091361999511719e+01,1.939299821853637695e+01
4.150000000000000000e+01,2.183564733919783407e+01,1.799000000000000057e+02,7.259967050627182950e+00,1.180666923522949219e+01,2.024858474731445312e+01
4.150000000000000000e+01,2.609838459878860206e+01,1.799000000000000057e+02,5.669891992423087501e+00,1.439982414245605469e+01,2.048671007156372070e+01
4.139999999999999858e+01,2.515217338163967753e+01,1.799000000000000057e+02,5.210311466671029734e+00,1.575242996215820312e+01,2.109118461608886719e+01
4.139999999999999858e+01,2.606478197567098931e+01,1.799000000000000057e+02,4.141118660410390895e+00,1.530382156372070312e+01,2.163069963455200195e+01
4.120000000000000284e+01,2.420994579543359038e+01,1.799000000000000057e+02,5.527329415501622378e+00,1.496547698974609375e+01,2.159371614456176758e+01
4.120000000000000284e+01,2.626285581386689216e+01,1.799000000000000057e+02,4.050358672752992995e+00,1.681868553161621094e+01,2.128831863403320312e+01
4.120000000000000284e+01,2.608179876497656835e+01,1.799000000000000057e+02,4.290383003789840721e+00,1.817893981933593750e+01,2.126518487930297852e+01
4.120000000000000284e+01,2.831662755120015973e+01,1.799000000000000057e+02,3.898296842198782475e+00,1.600981712341308594e+01,2.107168674468994141e+01
4.120000000000000284e+01,3.020596560259033936e+01,1.799000000000000057e+02,2.459977206419542206e+00,1.658083915710449219e+01,2.069931030273437500e+01
4.120000000000000284e+01,3.069984480043676101e+01,1.799000000000000057e+02,1.981111491046290363e+00,1.469262123107910156e+01,2.159857273101806641e+01
4.100000000000000000e+01,2.949753204643656801e+01,1.799000000000000057e+02,8.982171591971719327e-01,1.258258819580078125e+01,2.143802642822265625e+01
4.120000000000000284e+01,3.065252961303801271e+01,1.799000000000000057e+02,1.326068444462083828e+00,1.032252311706542969e+01,2.243918418884277344e+01
5.789999999999999858e+01,4.032710008946083491e+01,1.227999999999999972e+02,6.558697441201069012e+00,4.712230682373046875e+01,5.828967094421386719e+00
5.789999999999999858e+01,4.164690946244628833e+01,1.227999999999999972e+02,5.842556971223594964e+00,4.686593055725097656e+01,5.901398658752441406e+00
5.829999999999999716e+01,4.076191503989544884e+01,1.225000000000000000e+02,4.107108348170839029e+00,4.428692817687988281e+01,6.955857276916503906e+00
5.860000000000000142e+01,4.058097482225147701e+01,1.224000000000000057e+02,3.254983497812786730e+00,4.327420234680175781e+01,7.256922721862792969e+00
5.889999999999999858e+01,4.035513509352740869e+01,1.222000000000000028e+02,2.741695176085940489e+00,4.211357116699218750e+01,6.989979743957519531e+00
5.829999999999999716e+01,4.193308552222529784e+01,1.227999999999999972e+02,3.602234880188191823e+00,4.118584632873535156e+01,7.351045608520507812e+00
6.229999999999999716e+01,1.728410403487630376e+01,1.189000000000000057e+02,7.607082948122517507e+00,2.366813659667968750e+01,9.290592670440673828e+00
6.229999999999999716e+01,1.839988765542705806e+01,1.190000000000000000e+02,7.403570162908035712e+00,2.633946418762207031e+01,9.283728599548339844e+00
6.110000000000000142e+01,1.920933307783616684e+01,1.192999999999999972e+02,7.886311706357335360e+00,2.632095336914062500e+01,8.851506710052490234e+00
6.260000000000000142e+01,1.603758236595190212e+01,1.185999999999999943e+02,6.628194262620439758e+00,2.519694328308105469e+01,8.466460704803466797e+00
6.370000000000000284e+01,1.513648231602343586e+01,1.184000000000000057e+02,5.318547668820682084e+00,2.736147880554199219e+01,7.585663795471191406e+00
6.329999999999999716e+01,1.720659513552087105e+01,1.187000000000000028e+02,5.203974933478169973e+00,2.559744834899902344e+01,7.866909503936767578e+00
6.150000000000000000e+01,1.895514132922058437e+01,1.192999999999999972e+02,6.219548532630440718e+00,2.700821876525878906e+01,8.251404762268066406e+00
6.029999999999999716e+01,1.932551977586793512e+01,1.195999999999999943e+02,6.892233793447013923e+00,2.815464019775390625e+01,8.327021598815917969e+00
6.029999999999999716e+01,1.871017180802590474e+01,1.195999999999999943e+02,6.234602259816401926e+00,2.545469284057617188e+01,8.658723831176757812e+00
6.010000000000000142e+01,1.784139297566090221e+01,1.195000000000000000e+02,6.824825752010481139e+00,2.741544723510742188e+01,9.108679294586181641e+00
6.010000000000000142e+01,1.685962565722591577e+01,1.192999999999999972e+02,7.810104603073950713e+00,2.947117805480957031e+01,8.180074691772460938e+00
6.010000000000000142e+01,1.491801000684193568e+01,1.189000000000000057e+02,8.544321964013139592e+00,2.841706275939941406e+01,8.421893119812011719e+00
6.010000000000000142e+01,1.596805203077214230e+01,1.190999999999999943e+02,7.969266135530768125e+00,2.741875648498535156e+01,9.114418029785156250e+00
6.110000000000000142e+01,1.433239586741855476e+01,1.187000000000000028e+02,7.215636663090851499e+00,2.807641983032226562e+01,8.444371223449707031e+00
6.089999999999999858e+01,1.543814850299951402e+01,1.189000000000000057e+02,6.264987011909045833e+00,2.572864532470703125e+01,9.281187057495117188e+00
6.150000000000000000e+01,1.559776221470683666e+01,1.189000000000000057e+02,5.284830535231130888e+00,2.621403694152832031e+01,9.335262775421142578e+00
6.110000000000000142e+01,1.678054869787320058e+01,1.190999999999999943e+02,6.358035298861697271e+00,2.497588157653808594e+01,9.440507888793945312e+00
6.010000000000000142e+01,1.796857733350451269e+01,1.195000000000000000e+02,6.761452163328880438e+00,2.391148567199707031e+01,9.341480731964111328e+00
6.050000000000000000e+01,1.579113773173080482e+01,1.190999999999999943e+02,7.239732946753635545e+00,2.421980857849121094e+01,9.992079734802246094e+00
6.010000000000000142e+01,1.631941670119359244e+01,1.194000000000000057e+02,6.275463461088257588e+00,2.361661911010742188e+01,9.729883670806884766e+00
6.010000000000000142e+01,1.643311215506980361e+01,1.194000000000000057e+02,5.681158883316611785e+00,2.093211174011230469e+01,1.004440784454345703e+01
5.889999999999999858e+01,1.778110875541996805e+01,1.199000000000000057e+02,6.533696726115084452e+00,2.335295677185058594e+01,9.275345802307128906e+00
5.989999999999999858e+01,1.577971825556222640e+01,1.194000000000000057e+02,5.870279891106560122e+00,2.130577087402343750e+01,8.891801834106445312e+00
5.989999999999999858e+01,1.614743921186115472e+01,1.192999999999999972e+02,5.997978147965978835e+00,2.146862983703613281e+01,9.410119056701660156e+00
6.089999999999999858e+01,1.861638106673403570e+01,1.195999999999999943e+02,4.991765970346939696e+00,2.252167701721191406e+01,9.077830314636230469e+00
5.920000000000000284e+01,2.024818395724911824e+01,1.200999999999999943e+02,5.848984300177474616e+00,2.335647583007812500e+01,9.347567558288574219e+00
6.089999999999999858e+01,1.852612731326497553e+01,1.195999999999999943e+02,4.702373601631146371e+00,2.142018318176269531e+01,1.025522708892822266e+01
6.029999999999999716e+01,2.136700524855923433e+01,1.200000000000000000e+02,4.658060342989007729e+00,1.947916030883789062e+01,9.910404682159423828e+00
5.989999999999999858e+01,2.243134713572288419e+01,1.202000000000000028e+02,3.827217126841977013e+00,1.853634834289550781e+01,1.050090312957763672e+01
6.089999999999999858e+01,2.104780861230462818e+01,1.197999999999999972e+02,3.195407301957182700e+00,2.117344856262207031e+01,1.037207603454589844e+01
6.029999999999999716e+01,2.225275254913239209e+01,1.200000000000000000e+02,5.026801317682951797e+00,2.287349700927734375e+01,1.068302154541015625e+01
5.989999999999999858e+01,2.141231033173838938e+01,1.200000000000000000e+02,5.398547268253058640e+00,2.519970893859863281e+01,1.058397293090820312e+01
5.950000000000000000e+01,1.914467979485569771e+01,1.197999999999999972e+02,6.376136217761397162e+00,2.607201576232910156e+01,1.100216388702392578e+01
6.010000000000000142e+01,1.927328445543572144e+01,1.197000000000000028e+02,6.400474657304019210e+00,2.395431518554687500e+01,1.099841117858886719e+01
5.970000000000000284e+01,1.668937438019108299e+01,1.194000000000000057e+02,7.227132989248792327e+00,2.339565277099609375e+01,1.101322650909423828e+01
5.989999999999999858e+01,1.533472226089727819e+01,1.192000000000000028e+02,6.902703707608234041e+00,2.532917022705078125e+01,1.103478908538818359e+01
5.939999999999999858e+01,1.834305605076311707e+01,1.197000000000000028e+02,7.141267905006602135e+00,2.449333190917968750e+01,1.147606849670410156e+01
5.939999999999999858e+01,1.645496537898950251e+01,1.194000000000000057e+02,7.926021987113832878e+00,2.598978996276855469e+01,1.155123233795166016e+01
5.950000000000000000e+01,1.647075481823898002e+01,1.195000000000000000e+02,6.670948810750023661e+00,2.524491310119628906e+01,1.155403852462768555e+01
5.920000000000000284e+01,1.531921062737473527e+01,1.194000000000000057e+02,6.844798827101515215e+00,2.505994796752929688e+01,1.084973573684692383e+01
5.889999999999999858e+01,1.673572697790304531e+01,1.195999999999999943e+02,7.444453719062959607e+00,2.601565361022949219e+01,1.042813062667846680e+01
5.889999999999999858e+01,1.587849577182417526e+01,1.195000000000000000e+02,8.415106271589468889e+00,2.508906364440917969e+01,9.949810504913330078e+00
5.939999999999999858e+01,1.367115179630713584e+01,1.190000000000000000e+02,8.211146748505882442e+00,2.392835617065429688e+01,1.051504135131835938e+01
6.029999999999999716e+01,1.211763274681830360e+01,1.184000000000000057e+02,7.950976025892816601e+00,2.344341278076171875e+01,1.027987003326416016e+01
5.939999999999999858e+01,1.182044329290128992e+01,1.185999999999999943e+02,8.795492673416694274e+00,2.577770233154296875e+01,1.052019596099853516e+01
5.739999999999999858e+01,4.210654739997137241e+00,7.500000000000000000e+01,9.076802839048864868e+00,5.363216400146484375e+00,7.071161270141601562e+00
5.660000000000000142e+01,3.487319047673028027e+00,7.500000000000000000e+01,8.861635734749615523e+00,2.782936096191406250e+00,7.464966773986816406e+00
5.610000000000000142e+01,4.954383904972504027e+00,7.500000000000000000e+01,1.063491479674843809e+01,5.502595901489257812e+00,7.096762657165527344e+00
5.610000000000000142e+01,3.786467747519299376e+00,7.500000000000000000e+01,9.603202189053552829e+00,7.186784744262695312e+00,7.145934104919433594e+00
4.279999999999999716e+01,2.594463027591470095e+01,1.799000000000000057e+02,2.521964719831952095e+01,3.519717216491699219e+01,1.098142862319946289e+01
4.260000000000000142e+01,2.643332601342015664e+01,1.799000000000000057e+02,2.378213485512988612e+01,3.701354026794433594e+01,1.087761878967285156e+01
4.279999999999999716e+01,2.674487481947650025e+01,1.799000000000000057e+02,2.368403549229107696e+01,3.947872161865234375e+01,1.040310621261596680e+01
4.260000000000000142e+01,2.646349208122300922e+01,1.799000000000000057e+02,2.390058959195279087e+01,4.004898071289062500e+01,1.008220911026000977e+01
4.260000000000000142e+01,2.751424514838096158e+01,1.799000000000000057e+02,2.353867884966319579e+01,3.850388526916503906e+01,9.724621772766113281e+00
4.220000000000000284e+01,2.618692716428913414e+01,1.799000000000000057e+02,2.351358101606230022e+01,3.632843017578125000e+01,1.075742721557617188e+01
4.200000000000000000e+01,2.612817056842578367e+01,1.799000000000000057e+02,2.251419358592181652e+01,3.799898147583007812e+01,1.059473037719726562e+01
4.189999999999999858e+01,2.538624174022913493e+01,1.799000000000000057e+02,2.300028645283627782e+01,3.657671928405761719e+01,1.014808177947998047e+01
4.200000000000000000e+01,2.675042399789487035e+01,1.799000000000000057e+02,2.202851450911015618e+01,3.798495292663574219e+01,9.683303833007812500e+00
4.189999999999999858e+01,2.797471680176432329e+01,1.799000000000000057e+02,2.093396328387878214e+01,4.059444427490234375e+01,9.656910896301269531e+00
4.200000000000000000e+01,2.867524751883970424e+01,1.799000000000000057e+02,2.165755913650210829e+01,4.065357208251953125e+01,9.876217842102050781e+00
4.160000000000000142e+01,2.673783863670072947e+01,1.799000000000000057e+02,2.170273467624293318e+01,4.019095420837402344e+01,1.040561676025390625e+01
4.179999999999999716e+01,2.793181313299890434e+01,1.799000000000000057e+02,2.159345825567854504e+01,3.903162956237792969e+01,1.119351387023925781e+01
4.200000000000000000e+01,2.787754450478214707e+01,1.799000000000000057e+02,2.259050293858300762e+01,4.107266426086425781e+01,1.137827873229980469e+01
4.189999999999999858e+01,2.733552834896729422e+01,1.799000000000000057e+02,2.297200130157943221e+01,4.166164398193359375e+01,1.090433120727539062e+01
4.170000000000000284e+01,2.797399175632289570e+01,1.799000000000000057e+02,2.158484000059363694e+01,4.309791564941406250e+01,1.105363845825195312e+01
4.170000000000000284e+01,2.899996476706635917e+01,1.799000000000000057e+02,2.019018013350527951e+01,4.571734428405761719e+01,1.081679582595825195e+01
4.120000000000000284e+01,2.830431368216606813e+01,1.799000000000000057e+02,1.866680582123165877e+01,4.559836387634277344e+01,1.050246000289916992e+01
4.160000000000000142e+01,3.208898085087589180e+01,1.799000000000000057e+02,1.687630553550549806e+01,4.500638008117675781e+01,1.004177093505859375e+01
4.179999999999999716e+01,3.380535218233507067e+01,1.799000000000000057e+02,1.651731394935733377e+01,4.717207908630371094e+01,1.013300180435180664e+01
4.189999999999999858e+01,3.587860610569732245e+01,1.799000000000000057e+02,1.483007874762821743e+01,4.512468338012695312e+01,9.898424148559570312e+00
4.189999999999999858e+01,3.404692929615555386e+01,1.799000000000000057e+02,1.689144985119099118e+01,4.523034095764160156e+01,9.610378742218017578e+00
4.200000000000000000e+01,3.561292093256437852e+01,1.799000000000000057e+02,1.602781056368388946e+01,4.714074134826660156e+01,9.480972290039062500e+00
4.189999999999999858e+01,3.583980713248880789e+01,1.799000000000000057e+02,1.469032595670898544e+01,4.972264289855957031e+01,9.180653095245361328e+00
4.220000000000000284e+01,3.756101846893483298e+01,1.799000000000000057e+02,1.498789075283916361e+01,5.172806739807128906e+01,9.578247070312500000e+00
4.260000000000000142e+01,4.028255832459281294e+01,1.799000000000000057e+02,1.375257870522787762e+01,5.420842170715332031e+01,8.756890296936035156e+00
4.260000000000000142e+01,4.017143242675611958e+01,1.799000000000000057e+02,1.495806950996355056e+01,5.324950218200683594e+01,9.155626296997070312e+00
4.260000000000000142e+01,3.997674553250087115e+01,1.799000000000000057e+02,1.531488435353418431e+01,5.286210060119628906e+01,9.306125640869140625e+00
4.260000000000000142e+01,3.982896481491557239e+01,1.799000000000000057e+02,1.500044695472627687e+01,5.322710990905761719e+01,9.085521697998046875e+00
4.260000000000000142e+01,3.808089927446356171e+01,1.799000000000000057e+02,1.677080325184937948e+01,5.392593383789062500e+01,9.222164154052734375e+00
4.279999999999999716e+01,3.977286941396882014e+01,1.799000000000000057e+02,1.589422820558136351e+01,5.630917549133300781e+01,8.074243068695068359e+00
4.360000000000000142e+01,4.272552412720330750e+01,1.799000000000000057e+02,1.523473230932534506e+01,5.476312637329101562e+01,8.545513153076171875e+00
4.279999999999999716e+01,3.964040384087235225e+01,1.799000000000000057e+02,1.691069872266096752e+01,5.180112838745117188e+01,8.306827545166015625e+00
4.260000000000000142e+01,3.826940946684793943e+01,1.799000000000000057e+02,1.720251513021523593e+01,5.093459129333496094e+01,8.691985607147216797e+00
4.320000000000000284e+01,3.978905439823796542e+01,1.799000000000000057e+02,1.780257134955960652e+01,4.923098564147949219e+01,9.060041904449462891e+00
5.529999999999999716e+01,4.093222726963708169e+01,1.799000000000000057e+02,1.711589309787374802e+01,4.723676681518554688e+01,9.798088073730468750e+00
4.320000000000000284e+01,4.019735761311268618e+01,1.799000000000000057e+02,1.726019216614932716e+01,4.641156196594238281e+01,9.123549461364746094e+00
5.550000000000000000e+01,3.972135495923237869e+01,1.799000000000000057e+02,1.804656165316091432e+01,4.782025337219238281e+01,8.705425262451171875e+00
5.550000000000000000e+01,4.053313517550516565e+01,1.799000000000000057e+02,1.757388807968789735e+01,4.667100906372070312e+01,8.924970626831054688e+00
4.320000000000000284e+01,3.855236564352468065e+01,1.799000000000000057e+02,1.783790660519354176e+01,4.760567665100097656e+01,8.327760696411132812e+00
5.550000000000000000e+01,3.766890722465659280e+01,1.799000000000000057e+02,1.922402077589338631e+01,4.719961166381835938e+01,9.144637584686279297e+00
4.300000000000000000e+01,3.659574327585401221e+01,1.799000000000000057e+02,1.991974796625003918e+01,4.650767326354980469e+01,9.517803192138671875e+00
5.600000000000000000e+01,3.599652273768165145e+01,1.799000000000000057e+02,2.097475908195658434e+01,4.702614784240722656e+01,8.719596862792968750e+00
5.589999999999999858e+01,3.662775969136449561e+01,1.799000000000000057e+02,2.015788477729080341e+01,4.618546485900878906e+01,8.772275447845458984e+00
5.600000000000000000e+01,3.781736641843033198e+01,1.799000000000000057e+02,1.978109749714189292e+01,4.446719169616699219e+01,9.689884185791015625e+00
5.589999999999999858e+01,3.971153174051678292e+01,1.799000000000000057e+02,1.873134374397651669e+01,4.249107360839843750e+01,9.234333038330078125e+00
5.570000000000000284e+01,4.090625284476008261e+01,1.799000000000000057e+02,1.764710275482385526e+01,4.171130180358886719e+01,9.703779220581054688e+00
5.550000000000000000e+01,3.908121140760285783e+01,1.799000000000000057e+02,1.875685707508512934e+01,4.293287277221679688e+01,1.006762027740478516e+01
5.589999999999999858e+01,3.666595480956199538e+01,1.799000000000000057e+02,2.091686255419387663e+01,4.320105552673339844e+01,1.061302185058593750e+01
5.629999999999999716e+01,3.642503679287919027e+01,1.799000000000000057e+02,2.154885369976573983e+01,4.503924369812011719e+01,1.052639007568359375e+01
5.620000000000000284e+01,3.621863622218391043e+01,1.799000000000000057e+02,2.071851021518556379e+01,4.459443092346191406e+01,1.001672744750976562e+01
4.300000000000000000e+01,7.710281778653662599e+00,7.500000000000000000e+01,1.258323290258295479e+01,5.998115539550781250e+00,1.037337064743041992e+01
4.300000000000000000e+01,9.296322977163441692e+00,7.500000000000000000e+01,1.423844870298369436e+01,4.755353927612304688e+00,1.090135574340820312e+01
4.300000000000000000e+01,1.186623293250585576e+01,8.990000000000000568e+01,1.582862443637825578e+01,6.999979019165039062e+00,1.039640188217163086e+01
4.300000000000000000e+01,1.133792697876870648e+01,7.500000000000000000e+01,1.613216380477491185e+01,7.693977355957031250e+00,1.033938884735107422e+01
4.300000000000000000e+01,1.350426076743999459e+01,8.990000000000000568e+01,1.715641098132936548e+01,8.432435989379882812e+00,9.903407096862792969e+00
4.279999999999999716e+01,1.214285455504900213e+01,7.500000000000000000e+01,1.694180441103272372e+01,6.920604705810546875e+00,1.022757530212402344e+01
4.279999999999999716e+01,1.331573806165068419e+01,7.500000000000000000e+01,1.813275772835475053e+01,5.247325897216796875e+00,1.026306629180908203e+01
4.279999999999999716e+01,1.524415356531496712e+01,9.100000000000000000e+01,1.917997048822435247e+01,4.439268112182617188e+00,9.783689975738525391e+00
4.260000000000000142e+01,1.404548068486158030e+01,7.500000000000000000e+01,1.948326258625854734e+01,5.112285614013671875e+00,1.052303075790405273e+01
4.260000000000000142e+01,1.352065233999105054e+01,7.500000000000000000e+01,1.888219527124232044e+01,3.932657241821289062e+00,1.012851715087890625e+01
4.279999999999999716e+01,1.279707979329319123e+01,7.500000000000000000e+01,1.809859560869721307e+01,6.740942001342773438e+00,9.472804069519042969e+00
4.260000000000000142e+01,1.099941347172519279e+01,7.500000000000000000e+01,1.729042471134691183e+01,3.988485336303710938e+00,9.761142730712890625e+00
4.229999999999999716e+01,1.076804008688546332e+01,7.500000000000000000e+01,1.883864035310764962e+01,2.886962890625000000e+00,9.521336555480957031e+00
4.220000000000000284e+01,1.261313670627782813e+01,7.500000000000000000e+01,2.133309111824080873e+01,2.192354202270507812e+00,1.018927574157714844e+01
4.220000000000000284e+01,1.269990869111898846e+01,7.500000000000000000e+01,2.082644383673593325e+01,3.660860061645507812e+00,1.007352352142333984e+01
4.229999999999999716e+01,1.153316187829920736e+01,7.500000000000000000e+01,1.978449209771351391e+01,6.190729141235351562e+00,1.013912916183471680e+01
4.229999999999999716e+01,8.955288838742601953e+00,7.500000000000000000e+01,1.685562796131267405e+01,6.641693115234375000e+00,9.384133815765380859e+00
4.229999999999999716e+01,6.095147134183171111e+00,7.500000000000000000e+01,1.429660045175263505e+01,3.914623260498046875e+00,1.056600570678710938e+01
4.229999999999999716e+01,4.708381755392622381e+00,7.500000000000000000e+01,1.320414866207016935e+01,2.441701889038085938e+00,1.033610343933105469e+01
4.229999999999999716e+01,4.415411090669410399e+00,7.500000000000000000e+01,1.280604295425378858e+01,3.104324340820312500e+00,1.063284873962402344e+01
4.220000000000000284e+01,5.024679562262614141e+00,7.500000000000000000e+01,1.451150852962635085e+01,4.717502593994140625e+00,1.056610584259033203e+01
4.179999999999999716e+01,3.287797563988803962e+00,7.500000000000000000e+01,1.416617072083260531e+01,4.793329238891601562e+00,1.119579792022705078e+01
4.189999999999999858e+01,5.292173638934877467e+00,7.500000000000000000e+01,1.575885711558777480e+01,7.587823867797851562e+00,1.150279998779296875e+01
4.220000000000000284e+01,6.803789823362137668e+00,7.500000000000000000e+01,1.510668694862450856e+01,6.769475936889648438e+00,1.084442615509033203e+01
4.200000000000000000e+01,2.905340375709976719e+00,7.500000000000000000e+01,1.154733114614633571e+01,6.677713394165039062e+00,1.033540725708007812e+01
4.200000000000000000e+01,2.795291372163006827e+00,7.500000000000000000e+01,1.151576744148654896e+01,5.426015853881835938e+00,1.054621219635009766e+01
4.220000000000000284e+01,3.854839375131370982e+00,7.500000000000000000e+01,1.188571864333543360e+01,8.016099929809570312e+00,1.068501949310302734e+01
4.220000000000000284e+01,3.155514499676712603e+00,7.500000000000000000e+01,1.107821727123479327e+01,1.034613609313964844e+01,1.077480792999267578e+01
4.220000000000000284e+01,2.123219658378780128e+00,7.500000000000000000e+01,9.272437755864954667e+00,9.020032882690429688e+00,1.070522546768188477e+01
4.229999999999999716e+01,5.153919035065305465e+00,7.500000000000000000e+01,1.138313762842586563e+01,9.397926330566406250e+00,1.115250110626220703e+01
4.260000000000000142e+01,9.257189365610926757e+00,7.500000000000000000e+01,1.386024990138807489e+01,1.046263694763183594e+01,1.037119865417480469e+01
4.279999999999999716e+01,1.151784676007290997e+01,7.500000000000000000e+01,1.590054563207648108e+01,9.081449508666992188e+00,1.027893066406250000e+01
4.279999999999999716e+01,9.430829314622791060e+00,7.500000000000000000e+01,1.382928905873199099e+01,9.226102828979492188e+00,1.028059720993041992e+01
4.260000000000000142e+01,7.847982961597192109e+00,7.500000000000000000e+01,1.355561818439706023e+01,1.099895477294921875e+01,1.004384040832519531e+01
4.220000000000000284e+01,7.693695146374056826e+00,7.500000000000000000e+01,1.519023537064369478e+01,1.071284294128417969e+01,1.057507991790771484e+01
4.220000000000000284e+01,9.396647360778594305e+00,7.500000000000000000e+01,1.752365626856642677e+01,1.043412208557128906e+01,1.083211898803710938e+01
4.200000000000000000e+01,7.023132122034962954e+00,7.500000000000000000e+01,1.553161015644730902e+01,1.123714447021484375e+01,1.084865570068359375e+01
4.220000000000000284e+01,8.185273488914488027e+00,7.500000000000000000e+01,1.684805885275644144e+01,9.889268875122070312e+00,1.158385753631591797e+01
4.200000000000000000e+01,7.658186448297611193e+00,7.500000000000000000e+01,1.632862999887968414e+01,1.061043739318847656e+01,1.211955785751342773e+01
4.170000000000000284e+01,7.474057480882930093e+00,7.500000000000000000e+01,1.740486212297744117e+01,1.203430175781250000e+01,1.205881595611572266e+01
4.170000000000000284e+01,6.463935601946349863e+00,7.500000000000000000e+01,1.708593084605044865e+01,1.248837471008300781e+01,1.138133525848388672e+01
4.160000000000000142e+01,4.864139278829220814e+00,7.500000000000000000e+01,1.701343926931616579e+01,1.169717788696289062e+01,1.188454151153564453e+01
4.170000000000000284e+01,5.470315272995531330e+00,7.500000000000000000e+01,1.670842120141510989e+01,1.188300132751464844e+01,1.254257440567016602e+01
4.170000000000000284e+01,6.116650004476441360e+00,7.500000000000000000e+01,1.647147181171087027e+01,1.318553924560546875e+01,1.239082098007202148e+01
4.170000000000000284e+01,7.246732560190459083e+00,7.500000000000000000e+01,1.766684814446376350e+01,1.235105514526367188e+01,1.187801837921142578e+01
4.189999999999999858e+01,6.038182274174472397e+00,7.500000000000000000e+01,1.556735227241616393e+01,1.268998146057128906e+01,1.237469196319580078e+01
4.200000000000000000e+01,2.283382022532923106e+00,7.500000000000000000e+01,1.273424790273050533e+01,1.461634635925292969e+01,1.160723924636840820e+01
4.200000000000000000e+01,6.354923376942425151e+00,7.500000000000000000e+01,1.450745153510765384e+01,1.324202537536621094e+01,1.100065469741821289e+01
4.179999999999999716e+01,4.925217395512574647e+00,7.500000000000000000e+01,1.580637152976547100e+01,1.156222343444824219e+01,1.057598590850830078e+01
4.150000000000000000e+01,4.555107225997428344e+00,7.500000000000000000e+01,1.711911882677429020e+01,1.363210678100585938e+01,1.067404985427856445e+01
4.160000000000000142e+01,4.969573116853145400e+00,7.500000000000000000e+01,1.759108248558010601e+01,1.453775405883789062e+01,1.038450717926025391e+01
5.710000000000000142e+01,2.046219463662525939e+01,1.207000000000000028e+02,8.136002021415839280e+00,4.026622772216796875e+00,1.599725484848022461e+01
4.320000000000000284e+01,2.126011638811148430e+01,1.210999999999999943e+02,9.155563440360097616e+00,3.372201919555664062e+00,1.631982803344726562e+01
4.320000000000000284e+01,1.875203063208124021e+01,1.207000000000000028e+02,1.041609254465894985e+01,3.448657989501953125e+00,1.665472269058227539e+01
4.320000000000000284e+01,1.826721536513204214e+01,1.205000000000000000e+02,1.079309259393748555e+01,1.916475296020507812e+00,1.637457370758056641e+01
4.320000000000000284e+01,2.089122328613513702e+01,1.209000000000000057e+02,1.011805896867121035e+01,3.362693786621093750e+00,1.679213881492614746e+01
4.320000000000000284e+01,1.931305201807223071e+01,1.207000000000000028e+02,1.044474286152116527e+01,4.922456741333007812e+00,1.640361070632934570e+01
4.320000000000000284e+01,1.713372924383010343e+01,1.204000000000000057e+02,1.023054325957060229e+01,2.801160812377929688e+00,1.606917142868041992e+01
4.320000000000000284e+01,1.559372723298909946e+01,1.204000000000000057e+02,1.063019028978214564e+01,3.882131576538085938e+00,1.648022651672363281e+01
4.300000000000000000e+01,1.491609186162416378e+01,1.204000000000000057e+02,1.116518380429971558e+01,5.507936477661132812e+00,1.688112616539001465e+01
4.320000000000000284e+01,1.547992676122905742e+01,1.202999999999999972e+02,1.111104758346779242e+01,6.038656234741210938e+00,1.664325475692749023e+01
4.360000000000000142e+01,1.514049974017450495e+01,1.199000000000000057e+02,1.072178543808526996e+01,7.002134323120117188e+00,1.594192504882812500e+01
5.700000000000000000e+01,1.522332275973752402e+01,1.197999999999999972e+02,9.353568517504669444e+00,7.413997650146484375e+00,1.618616580963134766e+01
5.750000000000000000e+01,1.207241828250334947e+01,1.190999999999999943e+02,8.563439241631886745e+00,6.845006942749023438e+00,1.656343340873718262e+01
5.739999999999999858e+01,1.087974563344421064e+01,1.187000000000000028e+02,9.020591271502640396e+00,6.911115646362304688e+00,1.611089706420898438e+01
5.789999999999999858e+01,9.117525521865433191e+00,1.180999999999999943e+02,8.587610467765230737e+00,8.132028579711914062e+00,1.589449882507324219e+01
5.739999999999999858e+01,9.343606746366539539e+00,1.185999999999999943e+02,8.238548014262359942e+00,5.872812271118164062e+00,1.563514232635498047e+01
5.639999999999999858e+01,8.382025239760231727e+00,1.185999999999999943e+02,8.625622438409884296e+00,4.302825927734375000e+00,1.528246879577636719e+01
5.720000000000000284e+01,7.010703433918305194e+00,1.179000000000000057e+02,7.915175053900112445e+00,5.046377182006835938e+00,1.540677547454833984e+01
5.650000000000000000e+01,7.149852309780730941e+00,1.184000000000000057e+02,7.409175392431071039e+00,4.327650070190429688e+00,1.489497184753417969e+01
5.739999999999999858e+01,8.360358003823392892e+00,1.185999999999999943e+02,6.480540074235038084e+00,3.327941894531250000e+00,1.532517433166503906e+01
5.639999999999999858e+01,8.868648619403556310e+00,1.187000000000000028e+02,8.007508911055850831e+00,5.946950912475585938e+00,1.428357124328613281e+01
4.400000000000000000e+01,9.458108703153449426e+00,1.194000000000000057e+02,9.334497067159118089e+00,7.541761398315429688e+00,1.425381183624267578e+01
4.360000000000000142e+01,7.727138206681956056e+00,1.197999999999999972e+02,9.868270418414072154e+00,5.713148117065429688e+00,1.484223842620849609e+01
4.389999999999999858e+01,7.349837724057724841e+00,1.192999999999999972e+02,1.030660333052590261e+01,7.326002120971679688e+00,1.516179323196411133e+01
4.360000000000000142e+01,7.179386892858695468e+00,1.192999999999999972e+02,1.145828674487036913e+01,8.004827499389648438e+00,1.515352249145507812e+01
4.389999999999999858e+01,6.385320551386566734e+00,1.187000000000000028e+02,1.102885464417175321e+01,7.263832092285156250e+00,1.490145206451416016e+01
4.429999999999999716e+01,5.160549923353075386e+00,1.184000000000000057e+02,1.137607035453302018e+01,4.459104537963867188e+00,1.485144615173339844e+01
4.520000000000000284e+01,4.689750827215418028e+00,7.500000000000000000e+01,9.834988828404268801e+00,4.009351730346679688e+00,1.462097644805908203e+01
4.470000000000000284e+01,4.119237768868338812e+00,7.500000000000000000e+01,9.566592892688648320e+00,1.870584487915039062e+00,1.466719150543212891e+01
5.610000000000000142e+01,3.138535812112887236e+00,7.500000000000000000e+01,7.195179878001694007e+00,2.820930480957031250e+00,1.487763881683349609e+01
7.000000000000000000e+01,1.974461010991892707e+01,1.180999999999999943e+02,3.806650485206139578e+00,2.245788574218750000e+01,1.931232929229736328e+01
7.000000000000000000e+01,2.139609058130995223e+01,1.184000000000000057e+02,4.250929155954249694e+00,2.394378662109375000e+01,1.905489563941955566e+01
7.000000000000000000e+01,2.339941924246242877e+01,1.189000000000000057e+02,5.070882747583888239e+00,2.524790763854980469e+01,1.855800628662109375e+01
7.000000000000000000e+01,2.624236549448689360e+01,1.194000000000000057e+02,4.886161149470702014e+00,2.486359596252441406e+01,1.910733699798583984e+01
7.000000000000000000e+01,2.723088128553375142e+01,1.195999999999999943e+02,4.479570348636755739e+00,2.600303649902343750e+01,1.953801155090332031e+01
7.000000000000000000e+01,2.642768831093390247e+01,1.195000000000000000e+02,6.115379741946910030e+00,2.762734413146972656e+01,1.902404546737670898e+01
7.000000000000000000e+01,2.628277466069339852e+01,1.192999999999999972e+02,6.977094430571573191e+00,2.596317291259765625e+01,1.912411212921142578e+01
6.470000000000000284e+01,2.805325985228647312e+01,1.197999999999999972e+02,6.853679293033488662e+00,2.584155082702636719e+01,1.861516475677490234e+01
6.540000000000000568e+01,2.691997862005417019e+01,1.195000000000000000e+02,7.264137565199443536e+00,2.456873893737792969e+01,1.860012412071228027e+01
6.470000000000000284e+01,2.933432683057468893e+01,1.199000000000000057e+02,6.608167607976821678e+00,2.664143562316894531e+01,1.779816508293151855e+01
6.470000000000000284e+01,2.971389626082324042e+01,1.200000000000000000e+02,5.505966265350162203e+00,2.454563140869140625e+01,1.783760070800781250e+01
6.300000000000000000e+01,3.096737833187653877e+01,1.202000000000000028e+02,6.837652682464431919e+00,2.409762382507324219e+01,1.787474870681762695e+01
6.229999999999999716e+01,3.285020111830596079e+01,1.205999999999999943e+02,6.530549270495162872e+00,2.429254531860351562e+01,1.841118812561035156e+01
6.260000000000000142e+01,3.117268608180601319e+01,1.202999999999999972e+02,5.906789307452791959e+00,2.508849143981933594e+01,1.857828617095947266e+01
6.329999999999999716e+01,3.098038267811839219e+01,1.202999999999999972e+02,5.341114457104980673e+00,2.732581138610839844e+01,1.758442878723144531e+01
6.260000000000000142e+01,3.067624089257149222e+01,1.202999999999999972e+02,6.552642609086555048e+00,2.516920089721679688e+01,1.857855081558227539e+01
6.329999999999999716e+01,3.105231628427813462e+01,1.202000000000000028e+02,5.093523682912318939e+00,2.256499290466308594e+01,1.913877725601196289e+01
6.329999999999999716e+01,3.169783168315926858e+01,1.202000000000000028e+02,5.871537519653982962e+00,2.128146171569824219e+01,1.947659730911254883e+01
6.260000000000000142e+01,3.175929826137039313e+01,1.202999999999999972e+02,5.408176854256907973e+00,1.915455818176269531e+01,1.985354185104370117e+01
6.260000000000000142e+01,3.390342973876560961e+01,1.205999999999999943e+02,4.701596323391838972e+00,2.107008934020996094e+01,1.914526104927062988e+01
6.150000000000000000e+01,3.303420430503348371e+01,1.207000000000000028e+02,5.280921435542200726e+00,2.097245216369628906e+01,1.961592912673950195e+01
6.229999999999999716e+01,3.273375677771632297e+01,1.205999999999999943e+02,6.581658010613622878e+00,2.314873695373535156e+01,1.939572811126708984e+01
6.260000000000000142e+01,3.144260557375109144e+01,1.202999999999999972e+02,7.030064049016385042e+00,2.306406021118164062e+01,1.884398937225341797e+01
6.420000000000000284e+01,2.890948979741061464e+01,1.199000000000000057e+02,6.820722757658189472e+00,2.069483757019042969e+01,1.851594209671020508e+01
6.420000000000000284e+01,2.718870964333330065e+01,1.197000000000000028e+02,7.383973786805474226e+00,2.089123725891113281e+01,1.817123532295227051e+01
7.000000000000000000e+01,2.394683412464962657e+01,1.190999999999999943e+02,6.635407860630444077e+00,2.050675392150878906e+01,1.843232154846191406e+01
6.540000000000000568e+01,2.443134224858317438e+01,1.192999999999999972e+02,6.564904271515530354e+00,2.033102035522460938e+01,1.883738517761230469e+01
6.540000000000000568e+01,2.540347737972975395e+01,1.194000000000000057e+02,7.184617682405970207e+00,2.115374565124511719e+01,1.882584095001220703e+01
7.000000000000000000e+01,2.276596202907114019e+01,1.187000000000000028e+02,6.169338442176145243e+00,2.330282211303710938e+01,1.896991729736328125e+01
7.000000000000000000e+01,2.420965442286817293e+01,1.190000000000000000e+02,5.793847979292615413e+00,2.214400291442871094e+01,1.983827114105224609e+01
7.000000000000000000e+01,2.287272907923315302e+01,1.187000000000000028e+02,5.464439953208984235e+00,2.470382690429687500e+01,1.923369169235229492e+01
7.000000000000000000e+01,2.141701129741472087e+01,1.184000000000000057e+02,6.138146608276477068e+00,2.404789924621582031e+01,1.879582166671752930e+01
7.000000000000000000e+01,2.351750640694346828e+01,1.189000000000000057e+02,6.578619153648279649e+00,2.660509109497070312e+01,1.880584478378295898e+01
6.540000000000000568e+01,2.646182350927017168e+01,1.195000000000000000e+02,7.351793864479690299e+00,2.800894737243652344e+01,1.808031320571899414e+01
6.329999999999999716e+01,2.804978685419923323e+01,1.197999999999999972e+02,8.719496215262360295e+00,3.002100944519042969e+01,1.705168724060058594e+01
6.470000000000000284e+01,2.728378243930830038e+01,1.195999999999999943e+02,8.931775589170781515e+00,2.763021469116210938e+01,1.797041416168212891e+01
6.260000000000000142e+01,2.834008431646576298e+01,1.199000000000000057e+02,1.008645271647904451e+01,2.754840850830078125e+01,1.869112491607666016e+01
